9.802000045776367188e+00 1.013199996948242188e+01 1.000000000000000000e+00
1.035000038146972656e+01 9.767999649047851562e+00 1.000000000000000000e+00
1.009799957275390625e+01 9.987999916076660156e+00 1.000000000000000000e+00
9.729999542236328125e+00 9.909999847412109375e+00 1.000000000000000000e+00
9.753999710083007812e+00 1.043000030517578125e+01 1.000000000000000000e+00
9.836000442504882812e+00 9.902000427246093750e+00 1.000000000000000000e+00
1.023799991607666016e+01 9.866000175476074219e+00 1.000000000000000000e+00
9.529999732971191406e+00 9.862000465393066406e+00 1.000000000000000000e+00
1.015400028228759766e+01 9.819999694824218750e+00 1.000000000000000000e+00
9.336000442504882812e+00 1.045600032806396484e+01 1.000000000000000000e+00
9.378000259399414062e+00 1.021000003814697266e+01 1.000000000000000000e+00
9.711999893188476562e+00 1.026399993896484375e+01 1.000000000000000000e+00
9.637999534606933594e+00 1.020800018310546875e+01 1.000000000000000000e+00
9.517999649047851562e+00 9.956000328063964844e+00 1.000000000000000000e+00
1.023600006103515625e+01 9.909999847412109375e+00 1.000000000000000000e+00
9.399999618530273438e+00 1.008600044250488281e+01 1.000000000000000000e+00
1.019600009918212891e+01 9.746000289916992188e+00 1.000000000000000000e+00
1.013799953460693359e+01 9.828000068664550781e+00 1.000000000000000000e+00
1.006200027465820312e+01 1.026000022888183594e+01 1.000000000000000000e+00
1.039400005340576172e+01 9.984000205993652344e+00 1.000000000000000000e+00
1.028400039672851562e+01 1.034799957275390625e+01 1.000000000000000000e+00
9.706000328063964844e+00 9.977999687194824219e+00 1.000000000000000000e+00
9.906000137329101562e+00 1.058800029754638672e+01 1.000000000000000000e+00
1.035599994659423828e+01 9.197999954223632812e+00 1.000000000000000000e+00
9.954000473022460938e+00 9.704000473022460938e+00 1.000000000000000000e+00
9.795999526977539062e+00 1.037800025939941406e+01 1.000000000000000000e+00
1.038599967956542969e+01 1.060799980163574219e+01 1.000000000000000000e+00
1.040999984741210938e+01 9.911999702453613281e+00 1.000000000000000000e+00
1.017199993133544922e+01 1.059799957275390625e+01 1.000000000000000000e+00
1.028600025177001953e+01 9.711999893188476562e+00 1.000000000000000000e+00
9.932000160217285156e+00 1.023400020599365234e+01 1.000000000000000000e+00
1.029800033569335938e+01 9.947999954223632812e+00 1.000000000000000000e+00
1.035200023651123047e+01 9.932000160217285156e+00 1.000000000000000000e+00
9.847999572753906250e+00 1.032800006866455078e+01 1.000000000000000000e+00
1.051399993896484375e+01 1.049800014495849609e+01 1.000000000000000000e+00
9.944000244140625000e+00 9.934000015258789062e+00 1.000000000000000000e+00
9.920000076293945312e+00 1.002200031280517578e+01 1.000000000000000000e+00
9.907999992370605469e+00 1.060599994659423828e+01 1.000000000000000000e+00
1.018200016021728516e+01 9.989999771118164062e+00 1.000000000000000000e+00
1.025599956512451172e+01 9.250000000000000000e+00 1.000000000000000000e+00
1.126642539301706947e+01 9.795117403365123820e+00 2.000000000000000000e+00
1.130842520991160072e+01 9.811117197371471477e+00 2.000000000000000000e+00
1.162642504969431556e+01 9.923117662764537883e+00 2.000000000000000000e+00
1.121442534724070228e+01 9.693117166853893352e+00 2.000000000000000000e+00
1.156642558375193275e+01 9.685117746687877727e+00 2.000000000000000000e+00
1.145442511835886634e+01 9.745117212630260539e+00 2.000000000000000000e+00
1.157442500391794837e+01 1.025511744151209648e+01 2.000000000000000000e+00
1.127042510310007728e+01 9.125117327071178508e+00 2.000000000000000000e+00
1.096242549219919837e+01 9.889117266036022258e+00 2.000000000000000000e+00
1.157642581263376869e+01 9.565117861128795695e+00 2.000000000000000000e+00
1.047242572108103431e+01 9.889117266036022258e+00 2.000000000000000000e+00
1.150242545405222572e+01 1.075711729655360038e+01 2.000000000000000000e+00
1.160042502680613197e+01 9.785117174483287883e+00 2.000000000000000000e+00
1.175642516413523353e+01 9.767117525435436320e+00 2.000000000000000000e+00
1.149642588892771400e+01 9.559117342329967570e+00 2.000000000000000000e+00
1.159042575159861244e+01 9.943117166853893352e+00 2.000000000000000000e+00
1.168442561426951087e+01 9.947117830611217570e+00 2.000000000000000000e+00
1.117842509547068275e+01 9.449117685652721477e+00 2.000000000000000000e+00
1.099842574396921790e+01 9.691117311812389445e+00 2.000000000000000000e+00
1.072842528620554603e+01 9.775117899275768352e+00 2.000000000000000000e+00
1.136042525568796790e+01 9.249117876387584758e+00 2.000000000000000000e+00
1.085442569056345619e+01 1.005311777720545585e+01 2.000000000000000000e+00
1.129042556086374915e+01 9.383117700911510539e+00 2.000000000000000000e+00
1.113242556849314369e+01 9.587117220259655070e+00 2.000000000000000000e+00
1.096242549219919837e+01 1.005711748728846366e+01 2.000000000000000000e+00
1.134042575159861244e+01 1.067111780772303398e+01 2.000000000000000000e+00
1.081642558375193275e+01 9.479117418623912883e+00 2.000000000000000000e+00
1.187442519465281165e+01 9.581117655135143352e+00 2.000000000000000000e+00
1.139042498865915931e+01 1.078511717448328788e+01 2.000000000000000000e+00
1.144642569819285072e+01 9.563117052412975383e+00 2.000000000000000000e+00
1.107242514887644447e+01 9.401117349959362102e+00 2.000000000000000000e+00
1.103442504206492103e+01 9.825117136336315227e+00 2.000000000000000000e+00
1.132242514887644447e+01 9.613117243147838664e+00 2.000000000000000000e+00
1.082042529383494056e+01 9.845117594099987102e+00 2.000000000000000000e+00
1.147842528620554603e+01 9.705117250777233195e+00 2.000000000000000000e+00
1.122442557612253822e+01 9.443117166853893352e+00 2.000000000000000000e+00
1.112042548456980384e+01 9.779117609358776164e+00 2.000000000000000000e+00
1.150042559901072181e+01 9.703117395735729289e+00 2.000000000000000000e+00
1.140242507258249915e+01 1.013111784587000663e+01 2.000000000000000000e+00
1.133042552271677650e+01 1.015511706004236991e+01 2.000000000000000000e+00
1.114363841705264413e+01 1.087426884638682800e+01 3.000000000000000000e+00
1.071163825683535897e+01 1.089026959406749206e+01 3.000000000000000000e+00
1.085563831024112069e+01 1.096226914393321472e+01 3.000000000000000000e+00
1.100363902740420663e+01 1.078226883875743347e+01 3.000000000000000000e+00
1.099163894348086679e+01 1.104826958643809753e+01 3.000000000000000000e+00
1.073363856964053475e+01 1.115826924311534363e+01 3.000000000000000000e+00
1.078563861541690194e+01 1.115426953303233581e+01 3.000000000000000000e+00
1.129563884429873788e+01 1.039026959406749206e+01 3.000000000000000000e+00
1.078363876037539804e+01 1.077226956354991394e+01 3.000000000000000000e+00
1.097163848571719491e+01 1.047026951777354675e+01 3.000000000000000000e+00
1.139763908080996835e+01 1.130226929652110535e+01 3.000000000000000000e+00
1.100163821868838632e+01 1.113626893031016785e+01 3.000000000000000000e+00
1.091563872985781991e+01 1.131826909052745300e+01 3.000000000000000000e+00
1.087763862304629647e+01 1.127626927363292175e+01 3.000000000000000000e+00
1.130163840942324960e+01 1.132626946436778503e+01 3.000000000000000000e+00
1.098163871459903085e+01 1.052226956354991394e+01 3.000000000000000000e+00
1.051763896636905038e+01 1.111026890742198425e+01 3.000000000000000000e+00
1.092563895873965585e+01 1.110026963221446472e+01 3.000000000000000000e+00
1.118363837890567147e+01 1.133226902949229675e+01 3.000000000000000000e+00
1.071963863067569100e+01 1.094026883112803894e+01 3.000000000000000000e+00
1.075963859252871835e+01 1.170626957880870300e+01 3.000000000000000000e+00
1.073163871459903085e+01 1.080026944147960144e+01 3.000000000000000000e+00
1.142763881378115975e+01 1.075426896082774597e+01 3.000000000000000000e+00
1.094963912658633554e+01 1.147026951777354675e+01 3.000000000000000000e+00
1.113963870696963632e+01 1.096826966273204285e+01 3.000000000000000000e+00
1.103563861541690194e+01 1.113226922022716003e+01 3.000000000000000000e+00
1.132563857726992929e+01 1.098426945673839050e+01 3.000000000000000000e+00
1.074563865356387460e+01 1.052226956354991394e+01 3.000000000000000000e+00
1.089163856201114022e+01 1.104226906763926941e+01 3.000000000000000000e+00
1.128163890533389413e+01 1.146026928889171081e+01 3.000000000000000000e+00
1.072163848571719491e+01 1.081026967036143738e+01 3.000000000000000000e+00
1.163563899688662850e+01 1.181426938044444519e+01 3.000000000000000000e+00
1.096963863067569100e+01 1.026226933466807800e+01 3.000000000000000000e+00
1.142163829498233163e+01 1.090426953303233581e+01 3.000000000000000000e+00
1.101963882141055429e+01 1.113026936518565613e+01 3.000000000000000000e+00
1.137363891296328866e+01 1.129626877772227722e+01 3.000000000000000000e+00
1.119563846282901132e+01 1.086226971613780456e+01 3.000000000000000000e+00
1.108363895111026132e+01 1.112626965510264831e+01 3.000000000000000000e+00
1.050763873748721444e+01 1.108826954829112488e+01 3.000000000000000000e+00
1.133163909606875741e+01 1.120626957880870300e+01 3.000000000000000000e+00
1.016345067814953751e+01 1.170993450167601324e+01 4.000000000000000000e+00
9.417450388232545322e+00 1.141793468478148199e+01 4.000000000000000000e+00
9.313451250354127353e+00 1.097193458559935308e+01 4.000000000000000000e+00
1.008945127324231095e+01 1.183993461611693121e+01 4.000000000000000000e+00
9.757450540820435947e+00 1.099993446352904058e+01 4.000000000000000000e+00
1.004945035771496720e+01 1.128593471529906012e+01 4.000000000000000000e+00
9.205450495044068759e+00 1.053393486025755621e+01 4.000000000000000000e+00
1.071345086888440079e+01 1.079593494418089605e+01 4.000000000000000000e+00
9.717450578967408603e+00 1.158193519595091558e+01 4.000000000000000000e+00
9.757450540820435947e+00 1.096993473055784918e+01 4.000000000000000000e+00
9.485451181689576572e+00 1.115193489077513433e+01 4.000000000000000000e+00
1.036945100621350235e+01 1.141593482973997808e+01 4.000000000000000000e+00
9.121450861255006259e+00 1.175193527224486090e+01 4.000000000000000000e+00
9.573450525561646884e+00 1.155193450930540777e+01 4.000000000000000000e+00
9.727450807849244541e+00 1.145393493655150152e+01 4.000000000000000000e+00
9.801451166430787509e+00 1.132193496706907965e+01 4.000000000000000000e+00
9.499451120654420322e+00 1.145393493655150152e+01 4.000000000000000000e+00
9.845450838366822666e+00 1.121393516543333746e+01 4.000000000000000000e+00
1.012745042637951798e+01 1.127793529513304449e+01 4.000000000000000000e+00
1.005145116643078751e+01 1.146993473055784918e+01 4.000000000000000000e+00
9.517450769702271884e+00 1.166793468478148199e+01 4.000000000000000000e+00
9.943450411120728916e+00 1.167193439486448980e+01 4.000000000000000000e+00
9.407451113025025791e+00 1.159393527987425543e+01 4.000000000000000000e+00
9.527450998584107822e+00 1.062193515780394293e+01 4.000000000000000000e+00
9.415450533191041416e+00 1.141793468478148199e+01 4.000000000000000000e+00
9.983450372973756259e+00 1.107393482211058355e+01 4.000000000000000000e+00
9.457450350085572666e+00 1.095593479159300543e+01 4.000000000000000000e+00
9.853451212207154697e+00 1.139193466189329840e+01 4.000000000000000000e+00
9.255450685778932041e+00 1.120193508150999762e+01 4.000000000000000000e+00
9.113450487414674228e+00 1.181193473818724371e+01 4.000000000000000000e+00
1.020745035008557267e+01 1.164393451693480230e+01 4.000000000000000000e+00
1.010145040349133438e+01 1.126393440249388433e+01 4.000000000000000000e+00
9.641450365344361728e+00 1.108993461611693121e+01 4.000000000000000000e+00
9.837450464526490634e+00 1.097793510439818121e+01 4.000000000000000000e+00
9.585450609484986728e+00 1.140193489077513433e+01 4.000000000000000000e+00
1.005145116643078751e+01 1.140393474581663824e+01 4.000000000000000000e+00
1.009545083836682267e+01 1.097993495943968512e+01 4.000000000000000000e+00
9.149450739184693759e+00 1.118593528750364996e+01 4.000000000000000000e+00
9.159450968066529697e+00 1.128793457034056402e+01 4.000000000000000000e+00
1.043145032719738907e+01 1.105193450930540777e+01 4.000000000000000000e+00
8.472041432751762358e+00 1.044742414851823931e+01 5.000000000000000000e+00
8.766041104687797514e+00 1.014342424770036821e+01 5.000000000000000000e+00
8.816041295422660795e+00 1.022942373653093462e+01 5.000000000000000000e+00
8.768041913403617826e+00 1.030742380519548540e+01 5.000000000000000000e+00
8.652041737927543608e+00 1.035542414088884478e+01 5.000000000000000000e+00
8.580041711224662748e+00 1.073942396541277056e+01 5.000000000000000000e+00
8.682041470898735014e+00 1.060142347713152056e+01 5.000000000000000000e+00
9.074041669262992826e+00 1.069142362971941118e+01 5.000000000000000000e+00
9.096041982068168608e+00 1.019342348476091509e+01 5.000000000000000000e+00
8.956041638745414701e+00 9.989423965412770556e+00 5.000000000000000000e+00
8.698041264905082670e+00 1.032342359920183306e+01 5.000000000000000000e+00
8.484041516675102201e+00 1.044142362971941118e+01 5.000000000000000000e+00
8.510041539563285795e+00 1.095542356868425493e+01 5.000000000000000000e+00
8.416041676892387358e+00 1.048142359157243853e+01 5.000000000000000000e+00
8.882041280163871733e+00 9.713423942524586963e+00 5.000000000000000000e+00
8.684041325940238920e+00 1.028542349239030962e+01 5.000000000000000000e+00
8.670041386975395170e+00 9.727423881489430713e+00 5.000000000000000000e+00
8.718041722668754545e+00 1.030742380519548540e+01 5.000000000000000000e+00
8.644041364087211576e+00 1.039942381282487993e+01 5.000000000000000000e+00
8.698041264905082670e+00 1.048742411037126665e+01 5.000000000000000000e+00
8.726041142834770170e+00 1.054142401118913774e+01 5.000000000000000000e+00
9.234041516675102201e+00 1.073342344661394243e+01 5.000000000000000000e+00
8.872042004956352201e+00 1.032542345424333696e+01 5.000000000000000000e+00
8.224041764630424467e+00 9.757423614460622119e+00 5.000000000000000000e+00
8.800041501416313139e+00 1.100742361446062212e+01 5.000000000000000000e+00
9.184041325940238920e+00 1.067342398067155962e+01 5.000000000000000000e+00
8.544041459454643217e+00 1.068542406459489946e+01 5.000000000000000000e+00
8.606041257275688139e+00 1.018342420955339556e+01 5.000000000000000000e+00
9.106041257275688139e+00 1.098742411037126665e+01 5.000000000000000000e+00
8.720041577710258451e+00 1.062142393489519243e+01 5.000000000000000000e+00
8.476041619671928373e+00 1.090542337794939165e+01 5.000000000000000000e+00
8.270041768445121733e+00 1.053342363734880571e+01 5.000000000000000000e+00
8.568041627301322904e+00 1.032942411800066118e+01 5.000000000000000000e+00
8.542041604413139311e+00 1.060542414088884478e+01 5.000000000000000000e+00
8.590041463269340483e+00 1.083742353816667681e+01 5.000000000000000000e+00
8.766041104687797514e+00 1.072142431636491899e+01 5.000000000000000000e+00
8.988041226758110014e+00 1.038142416377702837e+01 5.000000000000000000e+00
8.850041692151176420e+00 1.060342428584734087e+01 5.000000000000000000e+00
8.888041798962699858e+00 1.034342405696550493e+01 5.000000000000000000e+00
8.826041524304496733e+00 9.925423835713063525e+00 5.000000000000000000e+00
8.474440038997318680e+00 9.659357490394127055e+00 6.000000000000000000e+00
8.374440134364750321e+00 8.877356948707115336e+00 6.000000000000000000e+00
8.670440138179447587e+00 9.091357650611412211e+00 6.000000000000000000e+00
8.566440046626713212e+00 9.283357086036216899e+00 6.000000000000000000e+00
8.914440573054935868e+00 8.735357704017173930e+00 6.000000000000000000e+00
9.208440244990971024e+00 8.539357604835045024e+00 6.000000000000000000e+00
8.554439962703373368e+00 8.515357436988365336e+00 6.000000000000000000e+00
7.802440107661869462e+00 9.347357215735923930e+00 6.000000000000000000e+00
8.616440237361576493e+00 8.689357223365318461e+00 6.000000000000000000e+00
8.114440382320072587e+00 9.527357520911705180e+00 6.000000000000000000e+00
8.590440214473392899e+00 9.037357749793541117e+00 6.000000000000000000e+00
8.866440237361576493e+00 9.049357833716880961e+00 6.000000000000000000e+00
8.520440519649174149e+00 9.415357055518638774e+00 6.000000000000000000e+00
8.818439901668217118e+00 9.143357696387779399e+00 6.000000000000000000e+00
8.330439985591556962e+00 9.033357086036216899e+00 6.000000000000000000e+00
8.202440203029301102e+00 8.753357353065025492e+00 6.000000000000000000e+00
8.734440267879154618e+00 9.189357223365318461e+00 6.000000000000000000e+00
8.868440092403080399e+00 8.985357704017173930e+00 6.000000000000000000e+00
8.850440443355228837e+00 8.977357330176841899e+00 6.000000000000000000e+00
8.544439733821537430e+00 9.309357108924400492e+00 6.000000000000000000e+00
8.208440244990971024e+00 9.619357528541099711e+00 6.000000000000000000e+00
9.032440603572513993e+00 8.631357612464439555e+00 6.000000000000000000e+00
8.494440019923832352e+00 9.253357353065025492e+00 6.000000000000000000e+00
8.544439733821537430e+00 9.285357894752037211e+00 6.000000000000000000e+00
9.120439947444584305e+00 9.255357208106529399e+00 6.000000000000000000e+00
8.274440229732181962e+00 8.979357185218345805e+00 6.000000000000000000e+00
8.724440038997318680e+00 9.119357528541099711e+00 6.000000000000000000e+00
8.402440012294437821e+00 9.275357665870201274e+00 6.000000000000000000e+00
8.372440279323246415e+00 8.937357368323814555e+00 6.000000000000000000e+00
8.490440309840824540e+00 9.033357086036216899e+00 6.000000000000000000e+00
8.760440290767338212e+00 9.549357833716880961e+00 6.000000000000000000e+00
8.586440504390385087e+00 9.375357093665611430e+00 6.000000000000000000e+00
8.532440603572513993e+00 9.873357238624107524e+00 6.000000000000000000e+00
8.850440443355228837e+00 9.097357215735923930e+00 6.000000000000000000e+00
8.348440111476566727e+00 9.415357055518638774e+00 6.000000000000000000e+00
8.902440489131596024e+00 9.447357597205650492e+00 6.000000000000000000e+00
8.390440405208256180e+00 8.889357032630455180e+00 6.000000000000000000e+00
8.700439871150638993e+00 9.313357772681724711e+00 6.000000000000000000e+00
8.166440428096439774e+00 9.107357444617759867e+00 6.000000000000000000e+00
8.740439833003666337e+00 9.389357032630455180e+00 6.000000000000000000e+00
9.641187148348938862e+00 9.263983444997879957e+00 7.000000000000000000e+00
1.027518697287286464e+01 8.843983368703934644e+00 7.000000000000000000e+00
9.355186896578919331e+00 8.697983460256669019e+00 7.000000000000000000e+00
9.871186690585266987e+00 8.519983963796708082e+00 7.000000000000000000e+00
9.809187369601380269e+00 8.527983860799881910e+00 7.000000000000000000e+00
8.827187018649231831e+00 9.205983834097001051e+00 7.000000000000000000e+00
9.543186621920716206e+00 8.311983780691239332e+00 7.000000000000000000e+00
9.633186774508606831e+00 8.483983712026688551e+00 7.000000000000000000e+00
9.101187186495911519e+00 8.819984154531571363e+00 7.000000000000000000e+00
9.595186667697083394e+00 8.399983601400467847e+00 7.000000000000000000e+00
1.008718724753106777e+01 8.707983689138504957e+00 7.000000000000000000e+00
9.767186599032532612e+00 8.601983742544266676e+00 7.000000000000000000e+00
9.431187110201966206e+00 8.655983643362137769e+00 7.000000000000000000e+00
9.729187445895325581e+00 8.935983376333329176e+00 7.000000000000000000e+00
9.969187217013489644e+00 8.585983948537919019e+00 7.000000000000000000e+00
9.777186827914368550e+00 8.705983834097001051e+00 7.000000000000000000e+00
9.945187049166809956e+00 8.205983834097001051e+00 7.000000000000000000e+00
9.793186621920716206e+00 9.131983475515458082e+00 7.000000000000000000e+00
9.567186789767395894e+00 8.895983414480301832e+00 7.000000000000000000e+00
9.613187270419251362e+00 8.443983750173661207e+00 7.000000000000000000e+00
9.667187171237122456e+00 9.193983750173661207e+00 7.000000000000000000e+00
9.691187339083802144e+00 8.419983582326981519e+00 7.000000000000000000e+00
9.053186850802552144e+00 8.677983956167313551e+00 7.000000000000000000e+00
9.499186949984681050e+00 9.125983910390946363e+00 7.000000000000000000e+00
9.483187155978333394e+00 8.219983773061844801e+00 7.000000000000000000e+00
9.319186644808899800e+00 8.667983727285477613e+00 7.000000000000000000e+00
9.751186805026184956e+00 8.341983990499588941e+00 7.000000000000000000e+00
9.641187148348938862e+00 8.775983528921219801e+00 7.000000000000000000e+00
9.995187239901673237e+00 8.719983773061844801e+00 7.000000000000000000e+00
9.591186957614075581e+00 8.317983822652909254e+00 7.000000000000000000e+00
9.613187270419251362e+00 8.881983475515458082e+00 7.000000000000000000e+00
9.355186896578919331e+00 8.811983780691239332e+00 7.000000000000000000e+00
9.831186728732239644e+00 8.657983498403641676e+00 7.000000000000000000e+00
1.049518723990167324e+01 8.545983986684891676e+00 7.000000000000000000e+00
9.639187293307434956e+00 8.329983906576249097e+00 7.000000000000000000e+00
9.649186568514954487e+00 8.711983399221512769e+00 7.000000000000000000e+00
9.997187094943177144e+00 8.337983803579422926e+00 7.000000000000000000e+00
9.795187430636536519e+00 8.563983635732743238e+00 7.000000000000000000e+00
9.903187232272278706e+00 8.101983742544266676e+00 7.000000000000000000e+00
9.785187201754700581e+00 8.519983963796708082e+00 7.000000000000000000e+00
1.129598459132736821e+01 8.757589805649205417e+00 8.000000000000000000e+00
1.131998380549973149e+01 8.627589691208287448e+00 8.000000000000000000e+00
1.052798398860520024e+01 9.005589950607701510e+00 8.000000000000000000e+00
1.108398374446457524e+01 8.195590484665318698e+00 8.000000000000000000e+00
1.146798452266281743e+01 8.657590377853795260e+00 8.000000000000000000e+00
1.144398435481613774e+01 8.565590370224400729e+00 8.000000000000000000e+00
1.138998445399826664e+01 7.655590045975133151e+00 8.000000000000000000e+00
1.149198373683518071e+01 8.335589874313756198e+00 8.000000000000000000e+00
1.101398404964035649e+01 8.499590385483189792e+00 8.000000000000000000e+00
1.075798448451584477e+01 8.601589668320103854e+00 8.000000000000000000e+00
1.113798459895676274e+01 8.811589706467076510e+00 8.000000000000000000e+00
1.110398420222824711e+01 8.261590469406529635e+00 8.000000000000000000e+00
1.069398435481613774e+01 8.287590492294713229e+00 8.000000000000000000e+00
1.165198453792160649e+01 8.905590522812291354e+00 8.000000000000000000e+00
1.136398443111008305e+01 8.163589942978306979e+00 8.000000000000000000e+00
1.078598436244553227e+01 7.865590084122105807e+00 8.000000000000000000e+00
1.125798448451584477e+01 8.275590408371373385e+00 8.000000000000000000e+00
1.094198449977463383e+01 8.395590293930455417e+00 8.000000000000000000e+00
1.118798383601730961e+01 8.239590156601353854e+00 8.000000000000000000e+00
1.112598451503342289e+01 8.463590133713170260e+00 8.000000000000000000e+00
1.144398435481613774e+01 8.477590072678014010e+00 8.000000000000000000e+00
1.106598409541672368e+01 8.585589874313756198e+00 8.000000000000000000e+00
1.141998418696945805e+01 8.093590248154088229e+00 8.000000000000000000e+00
1.109998449214523930e+01 8.653589714096471042e+00 8.000000000000000000e+00
1.110598405726975102e+01 8.635590065048619479e+00 8.000000000000000000e+00
1.063398393519943852e+01 8.363589752243443698e+00 8.000000000000000000e+00
1.089398416408127446e+01 8.391589630173131198e+00 8.000000000000000000e+00
1.105198415645187993e+01 7.955590236709996432e+00 8.000000000000000000e+00
1.102198442348068852e+01 8.331590164230748385e+00 8.000000000000000000e+00
1.173398431666916508e+01 8.149590004013463229e+00 8.000000000000000000e+00
1.120998414882248539e+01 8.655590522812291354e+00 8.000000000000000000e+00
1.103598436244553227e+01 8.411590087936803073e+00 8.000000000000000000e+00
1.068998464473312993e+01 8.733589637802525729e+00 8.000000000000000000e+00
1.154998430141037602e+01 8.975590217636510104e+00 8.000000000000000000e+00
1.113598379024094243e+01 8.349589813278599948e+00 8.000000000000000000e+00
1.057198461421555180e+01 8.603590477035924167e+00 8.000000000000000000e+00
1.029798444636887211e+01 8.753590095566197604e+00 8.000000000000000000e+00
1.097798379787033696e+01 8.687590110824986667e+00 8.000000000000000000e+00
1.124598440059250493e+01 9.009589660690709323e+00 8.000000000000000000e+00
1.106598409541672368e+01 8.377589691208287448e+00 8.000000000000000000e+00
1.667399978637695312e+01 9.637999534606933594e+00 9.000000000000000000e+00
1.616200065612792969e+01 1.030200004577636719e+01 9.000000000000000000e+00
1.661199951171875000e+01 1.021800041198730469e+01 9.000000000000000000e+00
1.610000038146972656e+01 9.701999664306640625e+00 9.000000000000000000e+00
1.640399932861328125e+01 1.007199954986572266e+01 9.000000000000000000e+00
1.593000030517578125e+01 1.010599994659423828e+01 9.000000000000000000e+00
1.612800025939941406e+01 9.887999534606933594e+00 9.000000000000000000e+00
1.640999984741210938e+01 1.018799972534179688e+01 9.000000000000000000e+00
1.598200035095214844e+01 9.920000076293945312e+00 9.000000000000000000e+00
1.622400093078613281e+01 1.002000045776367188e+01 9.000000000000000000e+00
1.629599952697753906e+01 9.458000183105468750e+00 9.000000000000000000e+00
1.658600044250488281e+01 1.017399978637695312e+01 9.000000000000000000e+00
1.631399917602539062e+01 1.071599960327148438e+01 9.000000000000000000e+00
1.627799987792968750e+01 9.451999664306640625e+00 9.000000000000000000e+00
1.662199974060058594e+01 9.652000427246093750e+00 9.000000000000000000e+00
1.621999931335449219e+01 9.494000434875488281e+00 9.000000000000000000e+00
1.662599945068359375e+01 1.016199970245361328e+01 9.000000000000000000e+00
1.698200035095214844e+01 1.059599971771240234e+01 9.000000000000000000e+00
1.627000045776367188e+01 1.012800025939941406e+01 9.000000000000000000e+00
1.620199966430664062e+01 9.699999809265136719e+00 9.000000000000000000e+00
1.653199958801269531e+01 9.776000022888183594e+00 9.000000000000000000e+00
1.712400054931640625e+01 9.725999832153320312e+00 9.000000000000000000e+00
1.646999931335449219e+01 9.697999954223632812e+00 9.000000000000000000e+00
1.600399971008300781e+01 1.027999973297119141e+01 9.000000000000000000e+00
1.636599922180175781e+01 9.795999526977539062e+00 9.000000000000000000e+00
1.626799964904785156e+01 9.522000312805175781e+00 9.000000000000000000e+00
1.612999916076660156e+01 9.748000144958496094e+00 9.000000000000000000e+00
1.667000007629394531e+01 1.049800014495849609e+01 9.000000000000000000e+00
1.648800086975097656e+01 1.054199981689453125e+01 9.000000000000000000e+00
1.656999969482421875e+01 1.021000003814697266e+01 9.000000000000000000e+00
1.645599937438964844e+01 1.011200046539306641e+01 9.000000000000000000e+00
1.648200035095214844e+01 9.986000061035156250e+00 9.000000000000000000e+00
1.658399963378906250e+01 9.753999710083007812e+00 9.000000000000000000e+00
1.610000038146972656e+01 9.930000305175781250e+00 9.000000000000000000e+00
1.622599983215332031e+01 9.670000076293945312e+00 9.000000000000000000e+00
1.644799995422363281e+01 9.565999984741210938e+00 9.000000000000000000e+00
1.657200050354003906e+01 9.623999595642089844e+00 9.000000000000000000e+00
1.643600082397460938e+01 9.409999847412109375e+00 9.000000000000000000e+00
1.650200080871582031e+01 9.979999542236328125e+00 9.000000000000000000e+00
1.641799926757812500e+01 9.965999603271484375e+00 9.000000000000000000e+00
1.436200046539306641e+01 1.464400005340576172e+01 1.000000000000000000e+01
1.413799953460693359e+01 1.463000011444091797e+01 1.000000000000000000e+01
1.406400012969970703e+01 1.507199954986572266e+01 1.000000000000000000e+01
1.369200038909912109e+01 1.495800018310546875e+01 1.000000000000000000e+01
1.423799991607666016e+01 1.529599952697753906e+01 1.000000000000000000e+01
1.372999954223632812e+01 1.512800025939941406e+01 1.000000000000000000e+01
1.395199966430664062e+01 1.486800003051757812e+01 1.000000000000000000e+01
1.398600006103515625e+01 1.477000045776367188e+01 1.000000000000000000e+01
1.391600036621093750e+01 1.499600028991699219e+01 1.000000000000000000e+01
1.387399959564208984e+01 1.495400047302246094e+01 1.000000000000000000e+01
1.416800022125244141e+01 1.527600002288818359e+01 1.000000000000000000e+01
1.427799987792968750e+01 1.515200042724609375e+01 1.000000000000000000e+01
1.409799957275390625e+01 1.489999961853027344e+01 1.000000000000000000e+01
1.376399993896484375e+01 1.521199989318847656e+01 1.000000000000000000e+01
1.394799995422363281e+01 1.421800041198730469e+01 1.000000000000000000e+01
1.413000011444091797e+01 1.483800029754638672e+01 1.000000000000000000e+01
1.336200046539306641e+01 1.493200016021728516e+01 1.000000000000000000e+01
1.354599952697753906e+01 1.484399986267089844e+01 1.000000000000000000e+01
1.413000011444091797e+01 1.510999965667724609e+01 1.000000000000000000e+01
1.381599998474121094e+01 1.460200023651123047e+01 1.000000000000000000e+01
1.438599967956542969e+01 1.468599987030029297e+01 1.000000000000000000e+01
1.378600025177001953e+01 1.472599983215332031e+01 1.000000000000000000e+01
1.420400047302246094e+01 1.482199954986572266e+01 1.000000000000000000e+01
1.385599994659423828e+01 1.520600032806396484e+01 1.000000000000000000e+01
1.407400035858154297e+01 1.438399982452392578e+01 1.000000000000000000e+01
1.368000030517578125e+01 1.498799991607666016e+01 1.000000000000000000e+01
1.420400047302246094e+01 1.497599983215332031e+01 1.000000000000000000e+01
1.338799953460693359e+01 1.539000034332275391e+01 1.000000000000000000e+01
1.370800018310546875e+01 1.504800033569335938e+01 1.000000000000000000e+01
1.411400032043457031e+01 1.536600017547607422e+01 1.000000000000000000e+01
1.439999961853027344e+01 1.503999996185302734e+01 1.000000000000000000e+01
1.419400024414062500e+01 1.503999996185302734e+01 1.000000000000000000e+01
1.388799953460693359e+01 1.543599987030029297e+01 1.000000000000000000e+01
1.395800018310546875e+01 1.532199954986572266e+01 1.000000000000000000e+01
1.392199993133544922e+01 1.480200004577636719e+01 1.000000000000000000e+01
1.365200042724609375e+01 1.460200023651123047e+01 1.000000000000000000e+01
1.429399967193603516e+01 1.499600028991699219e+01 1.000000000000000000e+01
1.381000041961669922e+01 1.452600002288818359e+01 1.000000000000000000e+01
1.340799999237060547e+01 1.534000015258789062e+01 1.000000000000000000e+01
1.383399963378906250e+01 1.477799987792968750e+01 1.000000000000000000e+01
8.826000213623046875e+00 1.647400093078613281e+01 1.100000000000000000e+01
8.329999923706054688e+00 1.648800086975097656e+01 1.100000000000000000e+01
8.468000411987304688e+00 1.637800025939941406e+01 1.100000000000000000e+01
8.904000282287597656e+00 1.584599971771240234e+01 1.100000000000000000e+01
8.661999702453613281e+00 1.635400009155273438e+01 1.100000000000000000e+01
8.684000015258789062e+00 1.677599906921386719e+01 1.100000000000000000e+01
8.329999923706054688e+00 1.606599998474121094e+01 1.100000000000000000e+01
8.904000282287597656e+00 1.640200042724609375e+01 1.100000000000000000e+01
8.777999877929687500e+00 1.648600006103515625e+01 1.100000000000000000e+01
8.810000419616699219e+00 1.645800018310546875e+01 1.100000000000000000e+01
8.397999763488769531e+00 1.657600021362304688e+01 1.100000000000000000e+01
8.541999816894531250e+00 1.591800022125244141e+01 1.100000000000000000e+01
9.064000129699707031e+00 1.645599937438964844e+01 1.100000000000000000e+01
9.152000427246093750e+00 1.609399986267089844e+01 1.100000000000000000e+01
8.614000320434570312e+00 1.590799999237060547e+01 1.100000000000000000e+01
8.565999984741210938e+00 1.701199913024902344e+01 1.100000000000000000e+01
8.119999885559082031e+00 1.611000061035156250e+01 1.100000000000000000e+01
8.843999862670898438e+00 1.602599906921386719e+01 1.100000000000000000e+01
8.397999763488769531e+00 1.628199958801269531e+01 1.100000000000000000e+01
8.807999610900878906e+00 1.559000015258789062e+01 1.100000000000000000e+01
8.501999855041503906e+00 1.616600036621093750e+01 1.100000000000000000e+01
8.942000389099121094e+00 1.619000053405761719e+01 1.100000000000000000e+01
8.376000404357910156e+00 1.611199951171875000e+01 1.100000000000000000e+01
8.517999649047851562e+00 1.584000015258789062e+01 1.100000000000000000e+01
8.878000259399414062e+00 1.600399971008300781e+01 1.100000000000000000e+01
8.581999778747558594e+00 1.677400016784667969e+01 1.100000000000000000e+01
8.248000144958496094e+00 1.615399932861328125e+01 1.100000000000000000e+01
8.588000297546386719e+00 1.623999977111816406e+01 1.100000000000000000e+01
8.706000328063964844e+00 1.637400054931640625e+01 1.100000000000000000e+01
8.524000167846679688e+00 1.639200019836425781e+01 1.100000000000000000e+01
8.458000183105468750e+00 1.645199966430664062e+01 1.100000000000000000e+01
8.829999923706054688e+00 1.636000061035156250e+01 1.100000000000000000e+01
8.616000175476074219e+00 1.611199951171875000e+01 1.100000000000000000e+01
8.843999862670898438e+00 1.636199951171875000e+01 1.100000000000000000e+01
8.468000411987304688e+00 1.592800045013427734e+01 1.100000000000000000e+01
8.619999885559082031e+00 1.667399978637695312e+01 1.100000000000000000e+01
8.973999977111816406e+00 1.653000068664550781e+01 1.100000000000000000e+01
8.826000213623046875e+00 1.608399963378906250e+01 1.100000000000000000e+01
8.104000091552734375e+00 1.596199989318847656e+01 1.100000000000000000e+01
8.385999679565429688e+00 1.623999977111816406e+01 1.100000000000000000e+01
4.576000213623046875e+00 1.287800025939941406e+01 1.200000000000000000e+01
4.460000038146972656e+00 1.315999984741210938e+01 1.200000000000000000e+01
3.631999969482421875e+00 1.286200046539306641e+01 1.200000000000000000e+01
4.237999916076660156e+00 1.250599956512451172e+01 1.200000000000000000e+01
4.348000049591064453e+00 1.326799964904785156e+01 1.200000000000000000e+01
3.788000106811523438e+00 1.237199974060058594e+01 1.200000000000000000e+01
4.190000057220458984e+00 1.277200031280517578e+01 1.200000000000000000e+01
3.859999895095825195e+00 1.270600032806396484e+01 1.200000000000000000e+01
3.977999925613403320e+00 1.330799961090087891e+01 1.200000000000000000e+01
4.335999965667724609e+00 1.285400009155273438e+01 1.200000000000000000e+01
4.217999935150146484e+00 1.302999973297119141e+01 1.200000000000000000e+01
4.250000000000000000e+00 1.300199985504150391e+01 1.200000000000000000e+01
4.334000110626220703e+00 1.306000041961669922e+01 1.200000000000000000e+01
4.653999805450439453e+00 1.256599998474121094e+01 1.200000000000000000e+01
4.380000114440917969e+00 1.279199981689453125e+01 1.200000000000000000e+01
3.967999935150146484e+00 1.301599979400634766e+01 1.200000000000000000e+01
4.613999843597412109e+00 1.252600002288818359e+01 1.200000000000000000e+01
3.950000047683715820e+00 1.267000007629394531e+01 1.200000000000000000e+01
4.038000106811523438e+00 1.267000007629394531e+01 1.200000000000000000e+01
4.426000118255615234e+00 1.223799991607666016e+01 1.200000000000000000e+01
4.065999984741210938e+00 1.251399993896484375e+01 1.200000000000000000e+01
4.248000144958496094e+00 1.239200019836425781e+01 1.200000000000000000e+01
4.610000133514404297e+00 1.294999980926513672e+01 1.200000000000000000e+01
4.328000068664550781e+00 1.298999977111816406e+01 1.200000000000000000e+01
4.500000000000000000e+00 1.252200031280517578e+01 1.200000000000000000e+01
4.176000118255615234e+00 1.271000003814697266e+01 1.200000000000000000e+01
4.492000102996826172e+00 1.246399974822998047e+01 1.200000000000000000e+01
4.133999824523925781e+00 1.283399963378906250e+01 1.200000000000000000e+01
4.315999984741210938e+00 1.276399993896484375e+01 1.200000000000000000e+01
4.453999996185302734e+00 1.208399963378906250e+01 1.200000000000000000e+01
4.052000045776367188e+00 1.293400001525878906e+01 1.200000000000000000e+01
4.260000228881835938e+00 1.311800003051757812e+01 1.200000000000000000e+01
4.058000087738037109e+00 1.371800041198730469e+01 1.200000000000000000e+01
4.239999771118164062e+00 1.262600040435791016e+01 1.200000000000000000e+01
3.838000059127807617e+00 1.223200035095214844e+01 1.200000000000000000e+01
4.127999782562255859e+00 1.339999961853027344e+01 1.200000000000000000e+01
3.763999938964843750e+00 1.238000011444091797e+01 1.200000000000000000e+01
4.423999786376953125e+00 1.318599987030029297e+01 1.200000000000000000e+01
4.234000205993652344e+00 1.299400043487548828e+01 1.200000000000000000e+01
5.130000114440917969e+00 1.329599952697753906e+01 1.200000000000000000e+01
3.900000095367431641e+00 6.742000102996826172e+00 1.300000000000000000e+01
3.993999958038330078e+00 7.205999851226806641e+00 1.300000000000000000e+01
4.277999877929687500e+00 7.222000122070312500e+00 1.300000000000000000e+01
4.171999931335449219e+00 6.848000049591064453e+00 1.300000000000000000e+01
3.881999969482421875e+00 6.894000053405761719e+00 1.300000000000000000e+01
3.936000108718872070e+00 6.993999958038330078e+00 1.300000000000000000e+01
4.162000179290771484e+00 6.869999885559082031e+00 1.300000000000000000e+01
3.762000083923339844e+00 7.099999904632568359e+00 1.300000000000000000e+01
4.256000041961669922e+00 7.611999988555908203e+00 1.300000000000000000e+01
4.550000190734863281e+00 6.822000026702880859e+00 1.300000000000000000e+01
4.061999797821044922e+00 6.984000205993652344e+00 1.300000000000000000e+01
4.026000022888183594e+00 7.230000019073486328e+00 1.300000000000000000e+01
4.363999843597412109e+00 7.184000015258789062e+00 1.300000000000000000e+01
4.291999816894531250e+00 7.208000183105468750e+00 1.300000000000000000e+01
4.288000106811523438e+00 6.909999847412109375e+00 1.300000000000000000e+01
4.018000125885009766e+00 7.061999797821044922e+00 1.300000000000000000e+01
4.070000171661376953e+00 7.104000091552734375e+00 1.300000000000000000e+01
4.547999858856201172e+00 7.653999805450439453e+00 1.300000000000000000e+01
4.401999950408935547e+00 7.081999778747558594e+00 1.300000000000000000e+01
3.691999912261962891e+00 7.489999771118164062e+00 1.300000000000000000e+01
4.888000011444091797e+00 7.193999767303466797e+00 1.300000000000000000e+01
4.455999851226806641e+00 7.145999908447265625e+00 1.300000000000000000e+01
4.731999874114990234e+00 7.153999805450439453e+00 1.300000000000000000e+01
4.087999820709228516e+00 7.211999893188476562e+00 1.300000000000000000e+01
4.501999855041503906e+00 6.927999973297119141e+00 1.300000000000000000e+01
3.401999950408935547e+00 7.434000015258789062e+00 1.300000000000000000e+01
4.245999813079833984e+00 6.691999912261962891e+00 1.300000000000000000e+01
4.165999889373779297e+00 7.256000041961669922e+00 1.300000000000000000e+01
4.852000236511230469e+00 6.829999923706054688e+00 1.300000000000000000e+01
4.397999763488769531e+00 7.427999973297119141e+00 1.300000000000000000e+01
5.015999794006347656e+00 7.053999900817871094e+00 1.300000000000000000e+01
4.250000000000000000e+00 6.760000228881835938e+00 1.300000000000000000e+01
3.737999916076660156e+00 7.081999778747558594e+00 1.300000000000000000e+01
4.254000186920166016e+00 7.263999938964843750e+00 1.300000000000000000e+01
4.122000217437744141e+00 7.237999916076660156e+00 1.300000000000000000e+01
3.878000020980834961e+00 7.231999874114990234e+00 1.300000000000000000e+01
4.550000190734863281e+00 7.289999961853027344e+00 1.300000000000000000e+01
4.030000209808349609e+00 7.125999927520751953e+00 1.300000000000000000e+01
4.412000179290771484e+00 7.021999835968017578e+00 1.300000000000000000e+01
4.276000022888183594e+00 7.243999958038330078e+00 1.300000000000000000e+01
8.376000404357910156e+00 3.788000106811523438e+00 1.400000000000000000e+01
8.810000419616699219e+00 3.864000082015991211e+00 1.400000000000000000e+01
8.218000411987304688e+00 3.548000097274780273e+00 1.400000000000000000e+01
8.373999595642089844e+00 3.747999906539916992e+00 1.400000000000000000e+01
8.102000236511230469e+00 4.300000190734863281e+00 1.400000000000000000e+01
8.385999679565429688e+00 3.951999902725219727e+00 1.400000000000000000e+01
8.857999801635742188e+00 3.273999929428100586e+00 1.400000000000000000e+01
8.883999824523925781e+00 3.503999948501586914e+00 1.400000000000000000e+01
8.293999671936035156e+00 3.380000114440917969e+00 1.400000000000000000e+01
8.380000114440917969e+00 3.177999973297119141e+00 1.400000000000000000e+01
8.737999916076660156e+00 4.294000148773193359e+00 1.400000000000000000e+01
9.100000381469726562e+00 3.839999914169311523e+00 1.400000000000000000e+01
9.086000442504882812e+00 3.599999904632568359e+00 1.400000000000000000e+01
8.616000175476074219e+00 3.450000047683715820e+00 1.400000000000000000e+01
8.623999595642089844e+00 3.697999954223632812e+00 1.400000000000000000e+01
8.631999969482421875e+00 3.819999933242797852e+00 1.400000000000000000e+01
8.286000251770019531e+00 3.703999996185302734e+00 1.400000000000000000e+01
8.815999984741210938e+00 3.579999923706054688e+00 1.400000000000000000e+01
8.722000122070312500e+00 3.854000091552734375e+00 1.400000000000000000e+01
8.298000335693359375e+00 3.378000020980834961e+00 1.400000000000000000e+01
9.013999938964843750e+00 4.033999919891357422e+00 1.400000000000000000e+01
8.869999885559082031e+00 3.553999900817871094e+00 1.400000000000000000e+01
8.562000274658203125e+00 3.661999940872192383e+00 1.400000000000000000e+01
8.600000381469726562e+00 3.828000068664550781e+00 1.400000000000000000e+01
8.939999580383300781e+00 3.835999965667724609e+00 1.400000000000000000e+01
8.767999649047851562e+00 4.320000171661376953e+00 1.400000000000000000e+01
8.838000297546386719e+00 3.926000118255615234e+00 1.400000000000000000e+01
8.288000106811523438e+00 3.466000080108642578e+00 1.400000000000000000e+01
8.652000427246093750e+00 3.782000064849853516e+00 1.400000000000000000e+01
8.376000404357910156e+00 3.956000089645385742e+00 1.400000000000000000e+01
7.723999977111816406e+00 3.414000034332275391e+00 1.400000000000000000e+01
8.373999595642089844e+00 4.136000156402587891e+00 1.400000000000000000e+01
8.600000381469726562e+00 3.711999893188476562e+00 1.400000000000000000e+01
9.026000022888183594e+00 3.788000106811523438e+00 1.400000000000000000e+01
8.534000396728515625e+00 3.252000093460083008e+00 1.400000000000000000e+01
8.873999595642089844e+00 3.601999998092651367e+00 1.400000000000000000e+01
8.795999526977539062e+00 3.888000011444091797e+00 1.400000000000000000e+01
8.592000007629394531e+00 3.987999916076660156e+00 1.400000000000000000e+01
8.979999542236328125e+00 4.013999938964843750e+00 1.400000000000000000e+01
8.562000274658203125e+00 3.855999946594238281e+00 1.400000000000000000e+01
1.389400005340576172e+01 4.159999847412109375e+00 1.500000000000000000e+01
1.427799987792968750e+01 5.260000228881835938e+00 1.500000000000000000e+01
1.436400032043457031e+01 4.748000144958496094e+00 1.500000000000000000e+01
1.410799980163574219e+01 4.918000221252441406e+00 1.500000000000000000e+01
1.399800014495849609e+01 5.498000144958496094e+00 1.500000000000000000e+01
1.439999961853027344e+01 5.296000003814697266e+00 1.500000000000000000e+01
1.430000019073486328e+01 5.368000030517578125e+00 1.500000000000000000e+01
1.395800018310546875e+01 5.349999904632568359e+00 1.500000000000000000e+01
1.384200000762939453e+01 4.984000205993652344e+00 1.500000000000000000e+01
1.385000038146972656e+01 4.245999813079833984e+00 1.500000000000000000e+01
1.397799968719482422e+01 5.355999946594238281e+00 1.500000000000000000e+01
1.436600017547607422e+01 5.104000091552734375e+00 1.500000000000000000e+01
1.427200031280517578e+01 4.940000057220458984e+00 1.500000000000000000e+01
1.433600044250488281e+01 5.176000118255615234e+00 1.500000000000000000e+01
1.474400043487548828e+01 5.248000144958496094e+00 1.500000000000000000e+01
1.430599975585937500e+01 5.059999942779541016e+00 1.500000000000000000e+01
1.398600006103515625e+01 5.050000190734863281e+00 1.500000000000000000e+01
1.443999958038330078e+01 5.329999923706054688e+00 1.500000000000000000e+01
1.400399971008300781e+01 4.920000076293945312e+00 1.500000000000000000e+01
1.333199977874755859e+01 4.592000007629394531e+00 1.500000000000000000e+01
1.421800041198730469e+01 5.544000148773193359e+00 1.500000000000000000e+01
1.415400028228759766e+01 4.768000125885009766e+00 1.500000000000000000e+01
1.346800041198730469e+01 4.920000076293945312e+00 1.500000000000000000e+01
1.367000007629394531e+01 5.406000137329101562e+00 1.500000000000000000e+01
1.366399955749511719e+01 5.015999794006347656e+00 1.500000000000000000e+01
1.411999988555908203e+01 4.869999885559082031e+00 1.500000000000000000e+01
1.383600044250488281e+01 4.510000228881835938e+00 1.500000000000000000e+01
1.420400047302246094e+01 5.064000129699707031e+00 1.500000000000000000e+01
1.400399971008300781e+01 5.228000164031982422e+00 1.500000000000000000e+01
1.326599979400634766e+01 4.857999801635742188e+00 1.500000000000000000e+01
1.366800022125244141e+01 5.340000152587890625e+00 1.500000000000000000e+01
1.452799987792968750e+01 4.811999797821044922e+00 1.500000000000000000e+01
1.431799983978271484e+01 4.592000007629394531e+00 1.500000000000000000e+01
1.401799964904785156e+01 5.182000160217285156e+00 1.500000000000000000e+01
1.436999988555908203e+01 4.883999824523925781e+00 1.500000000000000000e+01
1.419799995422363281e+01 4.803999900817871094e+00 1.500000000000000000e+01
1.431999969482421875e+01 4.590000152587890625e+00 1.500000000000000000e+01
1.363599967956542969e+01 5.217999935150146484e+00 1.500000000000000000e+01
1.440999984741210938e+01 4.656000137329101562e+00 1.500000000000000000e+01
1.402000045776367188e+01 5.613999843597412109e+00 1.500000000000000000e+01
