9.802000045776367188e+00 1.013199996948242188e+01 1.000000000000000000e+00
1.035000038146972656e+01 9.767999649047851562e+00 1.000000000000000000e+00
1.009799957275390625e+01 9.987999916076660156e+00 1.000000000000000000e+00
9.729999542236328125e+00 9.909999847412109375e+00 1.000000000000000000e+00
9.753999710083007812e+00 1.043000030517578125e+01 1.000000000000000000e+00
9.836000442504882812e+00 9.902000427246093750e+00 1.000000000000000000e+00
1.023799991607666016e+01 9.866000175476074219e+00 1.000000000000000000e+00
9.529999732971191406e+00 9.862000465393066406e+00 1.000000000000000000e+00
1.015400028228759766e+01 9.819999694824218750e+00 1.000000000000000000e+00
9.336000442504882812e+00 1.045600032806396484e+01 1.000000000000000000e+00
9.378000259399414062e+00 1.021000003814697266e+01 1.000000000000000000e+00
9.711999893188476562e+00 1.026399993896484375e+01 1.000000000000000000e+00
9.637999534606933594e+00 1.020800018310546875e+01 1.000000000000000000e+00
9.517999649047851562e+00 9.956000328063964844e+00 1.000000000000000000e+00
1.023600006103515625e+01 9.909999847412109375e+00 1.000000000000000000e+00
9.399999618530273438e+00 1.008600044250488281e+01 1.000000000000000000e+00
1.019600009918212891e+01 9.746000289916992188e+00 1.000000000000000000e+00
1.013799953460693359e+01 9.828000068664550781e+00 1.000000000000000000e+00
1.006200027465820312e+01 1.026000022888183594e+01 1.000000000000000000e+00
1.039400005340576172e+01 9.984000205993652344e+00 1.000000000000000000e+00
1.028400039672851562e+01 1.034799957275390625e+01 1.000000000000000000e+00
9.706000328063964844e+00 9.977999687194824219e+00 1.000000000000000000e+00
9.906000137329101562e+00 1.058800029754638672e+01 1.000000000000000000e+00
1.035599994659423828e+01 9.197999954223632812e+00 1.000000000000000000e+00
9.954000473022460938e+00 9.704000473022460938e+00 1.000000000000000000e+00
9.795999526977539062e+00 1.037800025939941406e+01 1.000000000000000000e+00
1.038599967956542969e+01 1.060799980163574219e+01 1.000000000000000000e+00
1.040999984741210938e+01 9.911999702453613281e+00 1.000000000000000000e+00
1.017199993133544922e+01 1.059799957275390625e+01 1.000000000000000000e+00
1.028600025177001953e+01 9.711999893188476562e+00 1.000000000000000000e+00
9.932000160217285156e+00 1.023400020599365234e+01 1.000000000000000000e+00
1.029800033569335938e+01 9.947999954223632812e+00 1.000000000000000000e+00
1.035200023651123047e+01 9.932000160217285156e+00 1.000000000000000000e+00
9.847999572753906250e+00 1.032800006866455078e+01 1.000000000000000000e+00
1.051399993896484375e+01 1.049800014495849609e+01 1.000000000000000000e+00
9.944000244140625000e+00 9.934000015258789062e+00 1.000000000000000000e+00
9.920000076293945312e+00 1.002200031280517578e+01 1.000000000000000000e+00
9.907999992370605469e+00 1.060599994659423828e+01 1.000000000000000000e+00
1.018200016021728516e+01 9.989999771118164062e+00 1.000000000000000000e+00
1.025599956512451172e+01 9.250000000000000000e+00 1.000000000000000000e+00
1.126642539301706947e+01 9.795117403365123820e+00 2.000000000000000000e+00
1.130842520991160072e+01 9.811117197371471477e+00 2.000000000000000000e+00
1.162642504969431556e+01 9.923117662764537883e+00 2.000000000000000000e+00
1.121442534724070228e+01 9.693117166853893352e+00 2.000000000000000000e+00
1.156642558375193275e+01 9.685117746687877727e+00 2.000000000000000000e+00
1.145442511835886634e+01 9.745117212630260539e+00 2.000000000000000000e+00
1.157442500391794837e+01 1.025511744151209648e+01 2.000000000000000000e+00
1.127042510310007728e+01 9.125117327071178508e+00 2.000000000000000000e+00
1.096242549219919837e+01 9.889117266036022258e+00 2.000000000000000000e+00
1.157642581263376869e+01 9.565117861128795695e+00 2.000000000000000000e+00
1.047242572108103431e+01 9.889117266036022258e+00 2.000000000000000000e+00
1.150242545405222572e+01 1.075711729655360038e+01 2.000000000000000000e+00
1.160042502680613197e+01 9.785117174483287883e+00 2.000000000000000000e+00
1.175642516413523353e+01 9.767117525435436320e+00 2.000000000000000000e+00
1.149642588892771400e+01 9.559117342329967570e+00 2.000000000000000000e+00
1.159042575159861244e+01 9.943117166853893352e+00 2.000000000000000000e+00
1.168442561426951087e+01 9.947117830611217570e+00 2.000000000000000000e+00
1.117842509547068275e+01 9.449117685652721477e+00 2.000000000000000000e+00
1.099842574396921790e+01 9.691117311812389445e+00 2.000000000000000000e+00
1.072842528620554603e+01 9.775117899275768352e+00 2.000000000000000000e+00
1.136042525568796790e+01 9.249117876387584758e+00 2.000000000000000000e+00
1.085442569056345619e+01 1.005311777720545585e+01 2.000000000000000000e+00
1.129042556086374915e+01 9.383117700911510539e+00 2.000000000000000000e+00
1.113242556849314369e+01 9.587117220259655070e+00 2.000000000000000000e+00
1.096242549219919837e+01 1.005711748728846366e+01 2.000000000000000000e+00
1.134042575159861244e+01 1.067111780772303398e+01 2.000000000000000000e+00
1.081642558375193275e+01 9.479117418623912883e+00 2.000000000000000000e+00
1.187442519465281165e+01 9.581117655135143352e+00 2.000000000000000000e+00
1.139042498865915931e+01 1.078511717448328788e+01 2.000000000000000000e+00
1.144642569819285072e+01 9.563117052412975383e+00 2.000000000000000000e+00
1.107242514887644447e+01 9.401117349959362102e+00 2.000000000000000000e+00
1.103442504206492103e+01 9.825117136336315227e+00 2.000000000000000000e+00
1.132242514887644447e+01 9.613117243147838664e+00 2.000000000000000000e+00
1.082042529383494056e+01 9.845117594099987102e+00 2.000000000000000000e+00
1.147842528620554603e+01 9.705117250777233195e+00 2.000000000000000000e+00
1.122442557612253822e+01 9.443117166853893352e+00 2.000000000000000000e+00
1.112042548456980384e+01 9.779117609358776164e+00 2.000000000000000000e+00
1.150042559901072181e+01 9.703117395735729289e+00 2.000000000000000000e+00
1.140242507258249915e+01 1.013111784587000663e+01 2.000000000000000000e+00
1.133042552271677650e+01 1.015511706004236991e+01 2.000000000000000000e+00
1.114363841705264413e+01 1.087426884638682800e+01 3.000000000000000000e+00
1.071163825683535897e+01 1.089026959406749206e+01 3.000000000000000000e+00
1.085563831024112069e+01 1.096226914393321472e+01 3.000000000000000000e+00
1.100363902740420663e+01 1.078226883875743347e+01 3.000000000000000000e+00
1.099163894348086679e+01 1.104826958643809753e+01 3.000000000000000000e+00
1.073363856964053475e+01 1.115826924311534363e+01 3.000000000000000000e+00
1.078563861541690194e+01 1.115426953303233581e+01 3.000000000000000000e+00
1.129563884429873788e+01 1.039026959406749206e+01 3.000000000000000000e+00
1.078363876037539804e+01 1.077226956354991394e+01 3.000000000000000000e+00
1.097163848571719491e+01 1.047026951777354675e+01 3.000000000000000000e+00
1.139763908080996835e+01 1.130226929652110535e+01 3.000000000000000000e+00
1.100163821868838632e+01 1.113626893031016785e+01 3.000000000000000000e+00
1.091563872985781991e+01 1.131826909052745300e+01 3.000000000000000000e+00
1.087763862304629647e+01 1.127626927363292175e+01 3.000000000000000000e+00
1.130163840942324960e+01 1.132626946436778503e+01 3.000000000000000000e+00
1.098163871459903085e+01 1.052226956354991394e+01 3.000000000000000000e+00
1.051763896636905038e+01 1.111026890742198425e+01 3.000000000000000000e+00
1.092563895873965585e+01 1.110026963221446472e+01 3.000000000000000000e+00
1.118363837890567147e+01 1.133226902949229675e+01 3.000000000000000000e+00
1.071963863067569100e+01 1.094026883112803894e+01 3.000000000000000000e+00
1.075963859252871835e+01 1.170626957880870300e+01 3.000000000000000000e+00
1.073163871459903085e+01 1.080026944147960144e+01 3.000000000000000000e+00
1.142763881378115975e+01 1.075426896082774597e+01 3.000000000000000000e+00
1.094963912658633554e+01 1.147026951777354675e+01 3.000000000000000000e+00
1.113963870696963632e+01 1.096826966273204285e+01 3.000000000000000000e+00
1.103563861541690194e+01 1.113226922022716003e+01 3.000000000000000000e+00
1.132563857726992929e+01 1.098426945673839050e+01 3.000000000000000000e+00
1.074563865356387460e+01 1.052226956354991394e+01 3.000000000000000000e+00
1.089163856201114022e+01 1.104226906763926941e+01 3.000000000000000000e+00
1.128163890533389413e+01 1.146026928889171081e+01 3.000000000000000000e+00
1.072163848571719491e+01 1.081026967036143738e+01 3.000000000000000000e+00
1.163563899688662850e+01 1.181426938044444519e+01 3.000000000000000000e+00
1.096963863067569100e+01 1.026226933466807800e+01 3.000000000000000000e+00
1.142163829498233163e+01 1.090426953303233581e+01 3.000000000000000000e+00
1.101963882141055429e+01 1.113026936518565613e+01 3.000000000000000000e+00
1.137363891296328866e+01 1.129626877772227722e+01 3.000000000000000000e+00
1.119563846282901132e+01 1.086226971613780456e+01 3.000000000000000000e+00
1.108363895111026132e+01 1.112626965510264831e+01 3.000000000000000000e+00
1.050763873748721444e+01 1.108826954829112488e+01 3.000000000000000000e+00
1.133163909606875741e+01 1.120626957880870300e+01 3.000000000000000000e+00
1.016345067814953751e+01 1.170993450167601324e+01 4.000000000000000000e+00
9.417450388232545322e+00 1.141793468478148199e+01 4.000000000000000000e+00
9.313451250354127353e+00 1.097193458559935308e+01 4.000000000000000000e+00
1.008945127324231095e+01 1.183993461611693121e+01 4.000000000000000000e+00
9.757450540820435947e+00 1.099993446352904058e+01 4.000000000000000000e+00
1.004945035771496720e+01 1.128593471529906012e+01 4.000000000000000000e+00
9.205450495044068759e+00 1.053393486025755621e+01 4.000000000000000000e+00
1.071345086888440079e+01 1.079593494418089605e+01 4.000000000000000000e+00
9.717450578967408603e+00 1.158193519595091558e+01 4.000000000000000000e+00
9.757450540820435947e+00 1.096993473055784918e+01 4.000000000000000000e+00
9.485451181689576572e+00 1.115193489077513433e+01 4.000000000000000000e+00
1.036945100621350235e+01 1.141593482973997808e+01 4.000000000000000000e+00
9.121450861255006259e+00 1.175193527224486090e+01 4.000000000000000000e+00
9.573450525561646884e+00 1.155193450930540777e+01 4.000000000000000000e+00
9.727450807849244541e+00 1.145393493655150152e+01 4.000000000000000000e+00
9.801451166430787509e+00 1.132193496706907965e+01 4.000000000000000000e+00
9.499451120654420322e+00 1.145393493655150152e+01 4.000000000000000000e+00
9.845450838366822666e+00 1.121393516543333746e+01 4.000000000000000000e+00
1.012745042637951798e+01 1.127793529513304449e+01 4.000000000000000000e+00
1.005145116643078751e+01 1.146993473055784918e+01 4.000000000000000000e+00
9.517450769702271884e+00 1.166793468478148199e+01 4.000000000000000000e+00
9.943450411120728916e+00 1.167193439486448980e+01 4.000000000000000000e+00
9.407451113025025791e+00 1.159393527987425543e+01 4.000000000000000000e+00
9.527450998584107822e+00 1.062193515780394293e+01 4.000000000000000000e+00
9.415450533191041416e+00 1.141793468478148199e+01 4.000000000000000000e+00
9.983450372973756259e+00 1.107393482211058355e+01 4.000000000000000000e+00
9.457450350085572666e+00 1.095593479159300543e+01 4.000000000000000000e+00
9.853451212207154697e+00 1.139193466189329840e+01 4.000000000000000000e+00
9.255450685778932041e+00 1.120193508150999762e+01 4.000000000000000000e+00
9.113450487414674228e+00 1.181193473818724371e+01 4.000000000000000000e+00
1.020745035008557267e+01 1.164393451693480230e+01 4.000000000000000000e+00
1.010145040349133438e+01 1.126393440249388433e+01 4.000000000000000000e+00
9.641450365344361728e+00 1.108993461611693121e+01 4.000000000000000000e+00
9.837450464526490634e+00 1.097793510439818121e+01 4.000000000000000000e+00
9.585450609484986728e+00 1.140193489077513433e+01 4.000000000000000000e+00
1.005145116643078751e+01 1.140393474581663824e+01 4.000000000000000000e+00
1.009545083836682267e+01 1.097993495943968512e+01 4.000000000000000000e+00
9.149450739184693759e+00 1.118593528750364996e+01 4.000000000000000000e+00
9.159450968066529697e+00 1.128793457034056402e+01 4.000000000000000000e+00
1.043145032719738907e+01 1.105193450930540777e+01 4.000000000000000000e+00
8.472041432751762358e+00 1.044742414851823931e+01 5.000000000000000000e+00
8.766041104687797514e+00 1.014342424770036821e+01 5.000000000000000000e+00
8.816041295422660795e+00 1.022942373653093462e+01 5.000000000000000000e+00
8.768041913403617826e+00 1.030742380519548540e+01 5.000000000000000000e+00
8.652041737927543608e+00 1.035542414088884478e+01 5.000000000000000000e+00
8.580041711224662748e+00 1.073942396541277056e+01 5.000000000000000000e+00
8.682041470898735014e+00 1.060142347713152056e+01 5.000000000000000000e+00
9.074041669262992826e+00 1.069142362971941118e+01 5.000000000000000000e+00
9.096041982068168608e+00 1.019342348476091509e+01 5.000000000000000000e+00
8.956041638745414701e+00 9.989423965412770556e+00 5.000000000000000000e+00
8.698041264905082670e+00 1.032342359920183306e+01 5.000000000000000000e+00
8.484041516675102201e+00 1.044142362971941118e+01 5.000000000000000000e+00
8.510041539563285795e+00 1.095542356868425493e+01 5.000000000000000000e+00
8.416041676892387358e+00 1.048142359157243853e+01 5.000000000000000000e+00
8.882041280163871733e+00 9.713423942524586963e+00 5.000000000000000000e+00
8.684041325940238920e+00 1.028542349239030962e+01 5.000000000000000000e+00
8.670041386975395170e+00 9.727423881489430713e+00 5.000000000000000000e+00
8.718041722668754545e+00 1.030742380519548540e+01 5.000000000000000000e+00
8.644041364087211576e+00 1.039942381282487993e+01 5.000000000000000000e+00
8.698041264905082670e+00 1.048742411037126665e+01 5.000000000000000000e+00
8.726041142834770170e+00 1.054142401118913774e+01 5.000000000000000000e+00
9.234041516675102201e+00 1.073342344661394243e+01 5.000000000000000000e+00
8.872042004956352201e+00 1.032542345424333696e+01 5.000000000000000000e+00
8.224041764630424467e+00 9.757423614460622119e+00 5.000000000000000000e+00
8.800041501416313139e+00 1.100742361446062212e+01 5.000000000000000000e+00
9.184041325940238920e+00 1.067342398067155962e+01 5.000000000000000000e+00
8.544041459454643217e+00 1.068542406459489946e+01 5.000000000000000000e+00
8.606041257275688139e+00 1.018342420955339556e+01 5.000000000000000000e+00
9.106041257275688139e+00 1.098742411037126665e+01 5.000000000000000000e+00
8.720041577710258451e+00 1.062142393489519243e+01 5.000000000000000000e+00
8.476041619671928373e+00 1.090542337794939165e+01 5.000000000000000000e+00
8.270041768445121733e+00 1.053342363734880571e+01 5.000000000000000000e+00
8.568041627301322904e+00 1.032942411800066118e+01 5.000000000000000000e+00
8.542041604413139311e+00 1.060542414088884478e+01 5.000000000000000000e+00
8.590041463269340483e+00 1.083742353816667681e+01 5.000000000000000000e+00
8.766041104687797514e+00 1.072142431636491899e+01 5.000000000000000000e+00
8.988041226758110014e+00 1.038142416377702837e+01 5.000000000000000000e+00
8.850041692151176420e+00 1.060342428584734087e+01 5.000000000000000000e+00
8.888041798962699858e+00 1.034342405696550493e+01 5.000000000000000000e+00
8.826041524304496733e+00 9.925423835713063525e+00 5.000000000000000000e+00
8.474440038997318680e+00 9.659357490394127055e+00 6.000000000000000000e+00
8.374440134364750321e+00 8.877356948707115336e+00 6.000000000000000000e+00
8.670440138179447587e+00 9.091357650611412211e+00 6.000000000000000000e+00
8.566440046626713212e+00 9.283357086036216899e+00 6.000000000000000000e+00
8.914440573054935868e+00 8.735357704017173930e+00 6.000000000000000000e+00
9.208440244990971024e+00 8.539357604835045024e+00 6.000000000000000000e+00
8.554439962703373368e+00 8.515357436988365336e+00 6.000000000000000000e+00
7.802440107661869462e+00 9.347357215735923930e+00 6.000000000000000000e+00
8.616440237361576493e+00 8.689357223365318461e+00 6.000000000000000000e+00
8.114440382320072587e+00 9.527357520911705180e+00 6.000000000000000000e+00
8.590440214473392899e+00 9.037357749793541117e+00 6.000000000000000000e+00
8.866440237361576493e+00 9.049357833716880961e+00 6.000000000000000000e+00
8.520440519649174149e+00 9.415357055518638774e+00 6.000000000000000000e+00
8.818439901668217118e+00 9.143357696387779399e+00 6.000000000000000000e+00
8.330439985591556962e+00 9.033357086036216899e+00 6.000000000000000000e+00
8.202440203029301102e+00 8.753357353065025492e+00 6.000000000000000000e+00
8.734440267879154618e+00 9.189357223365318461e+00 6.000000000000000000e+00
8.868440092403080399e+00 8.985357704017173930e+00 6.000000000000000000e+00
8.850440443355228837e+00 8.977357330176841899e+00 6.000000000000000000e+00
8.544439733821537430e+00 9.309357108924400492e+00 6.000000000000000000e+00
8.208440244990971024e+00 9.619357528541099711e+00 6.000000000000000000e+00
9.032440603572513993e+00 8.631357612464439555e+00 6.000000000000000000e+00
8.494440019923832352e+00 9.253357353065025492e+00 6.000000000000000000e+00
8.544439733821537430e+00 9.285357894752037211e+00 6.000000000000000000e+00
9.120439947444584305e+00 9.255357208106529399e+00 6.000000000000000000e+00
8.274440229732181962e+00 8.979357185218345805e+00 6.000000000000000000e+00
8.724440038997318680e+00 9.119357528541099711e+00 6.000000000000000000e+00
8.402440012294437821e+00 9.275357665870201274e+00 6.000000000000000000e+00
8.372440279323246415e+00 8.937357368323814555e+00 6.000000000000000000e+00
8.490440309840824540e+00 9.033357086036216899e+00 6.000000000000000000e+00
8.760440290767338212e+00 9.549357833716880961e+00 6.000000000000000000e+00
8.586440504390385087e+00 9.375357093665611430e+00 6.000000000000000000e+00
8.532440603572513993e+00 9.873357238624107524e+00 6.000000000000000000e+00
8.850440443355228837e+00 9.097357215735923930e+00 6.000000000000000000e+00
8.348440111476566727e+00 9.415357055518638774e+00 6.000000000000000000e+00
8.902440489131596024e+00 9.447357597205650492e+00 6.000000000000000000e+00
8.390440405208256180e+00 8.889357032630455180e+00 6.000000000000000000e+00
8.700439871150638993e+00 9.313357772681724711e+00 6.000000000000000000e+00
8.166440428096439774e+00 9.107357444617759867e+00 6.000000000000000000e+00
8.740439833003666337e+00 9.389357032630455180e+00 6.000000000000000000e+00
9.641187148348938862e+00 9.263983444997879957e+00 7.000000000000000000e+00
1.027518697287286464e+01 8.843983368703934644e+00 7.000000000000000000e+00
9.355186896578919331e+00 8.697983460256669019e+00 7.000000000000000000e+00
9.871186690585266987e+00 8.519983963796708082e+00 7.000000000000000000e+00
9.809187369601380269e+00 8.527983860799881910e+00 7.000000000000000000e+00
8.827187018649231831e+00 9.205983834097001051e+00 7.000000000000000000e+00
9.543186621920716206e+00 8.311983780691239332e+00 7.000000000000000000e+00
9.633186774508606831e+00 8.483983712026688551e+00 7.000000000000000000e+00
9.101187186495911519e+00 8.819984154531571363e+00 7.000000000000000000e+00
9.595186667697083394e+00 8.399983601400467847e+00 7.000000000000000000e+00
1.008718724753106777e+01 8.707983689138504957e+00 7.000000000000000000e+00
9.767186599032532612e+00 8.601983742544266676e+00 7.000000000000000000e+00
9.431187110201966206e+00 8.655983643362137769e+00 7.000000000000000000e+00
9.729187445895325581e+00 8.935983376333329176e+00 7.000000000000000000e+00
9.969187217013489644e+00 8.585983948537919019e+00 7.000000000000000000e+00
9.777186827914368550e+00 8.705983834097001051e+00 7.000000000000000000e+00
9.945187049166809956e+00 8.205983834097001051e+00 7.000000000000000000e+00
9.793186621920716206e+00 9.131983475515458082e+00 7.000000000000000000e+00
9.567186789767395894e+00 8.895983414480301832e+00 7.000000000000000000e+00
9.613187270419251362e+00 8.443983750173661207e+00 7.000000000000000000e+00
9.667187171237122456e+00 9.193983750173661207e+00 7.000000000000000000e+00
9.691187339083802144e+00 8.419983582326981519e+00 7.000000000000000000e+00
9.053186850802552144e+00 8.677983956167313551e+00 7.000000000000000000e+00
9.499186949984681050e+00 9.125983910390946363e+00 7.000000000000000000e+00
9.483187155978333394e+00 8.219983773061844801e+00 7.000000000000000000e+00
9.319186644808899800e+00 8.667983727285477613e+00 7.000000000000000000e+00
9.751186805026184956e+00 8.341983990499588941e+00 7.000000000000000000e+00
9.641187148348938862e+00 8.775983528921219801e+00 7.000000000000000000e+00
9.995187239901673237e+00 8.719983773061844801e+00 7.000000000000000000e+00
9.591186957614075581e+00 8.317983822652909254e+00 7.000000000000000000e+00
9.613187270419251362e+00 8.881983475515458082e+00 7.000000000000000000e+00
9.355186896578919331e+00 8.811983780691239332e+00 7.000000000000000000e+00
9.831186728732239644e+00 8.657983498403641676e+00 7.000000000000000000e+00
1.049518723990167324e+01 8.545983986684891676e+00 7.000000000000000000e+00
9.639187293307434956e+00 8.329983906576249097e+00 7.000000000000000000e+00
9.649186568514954487e+00 8.711983399221512769e+00 7.000000000000000000e+00
9.997187094943177144e+00 8.337983803579422926e+00 7.000000000000000000e+00
9.795187430636536519e+00 8.563983635732743238e+00 7.000000000000000000e+00
9.903187232272278706e+00 8.101983742544266676e+00 7.000000000000000000e+00
9.785187201754700581e+00 8.519983963796708082e+00 7.000000000000000000e+00
1.129598459132736821e+01 8.757589805649205417e+00 8.000000000000000000e+00
1.131998380549973149e+01 8.627589691208287448e+00 8.000000000000000000e+00
1.052798398860520024e+01 9.005589950607701510e+00 8.000000000000000000e+00
1.108398374446457524e+01 8.195590484665318698e+00 8.000000000000000000e+00
1.146798452266281743e+01 8.657590377853795260e+00 8.000000000000000000e+00
1.144398435481613774e+01 8.565590370224400729e+00 8.000000000000000000e+00
1.138998445399826664e+01 7.655590045975133151e+00 8.000000000000000000e+00
1.149198373683518071e+01 8.335589874313756198e+00 8.000000000000000000e+00
1.101398404964035649e+01 8.499590385483189792e+00 8.000000000000000000e+00
1.075798448451584477e+01 8.601589668320103854e+00 8.000000000000000000e+00
1.113798459895676274e+01 8.811589706467076510e+00 8.000000000000000000e+00
1.110398420222824711e+01 8.261590469406529635e+00 8.000000000000000000e+00
1.069398435481613774e+01 8.287590492294713229e+00 8.000000000000000000e+00
1.165198453792160649e+01 8.905590522812291354e+00 8.000000000000000000e+00
1.136398443111008305e+01 8.163589942978306979e+00 8.000000000000000000e+00
1.078598436244553227e+01 7.865590084122105807e+00 8.000000000000000000e+00
1.125798448451584477e+01 8.275590408371373385e+00 8.000000000000000000e+00
1.094198449977463383e+01 8.395590293930455417e+00 8.000000000000000000e+00
1.118798383601730961e+01 8.239590156601353854e+00 8.000000000000000000e+00
1.112598451503342289e+01 8.463590133713170260e+00 8.000000000000000000e+00
1.144398435481613774e+01 8.477590072678014010e+00 8.000000000000000000e+00
1.106598409541672368e+01 8.585589874313756198e+00 8.000000000000000000e+00
1.141998418696945805e+01 8.093590248154088229e+00 8.000000000000000000e+00
1.109998449214523930e+01 8.653589714096471042e+00 8.000000000000000000e+00
1.110598405726975102e+01 8.635590065048619479e+00 8.000000000000000000e+00
1.063398393519943852e+01 8.363589752243443698e+00 8.000000000000000000e+00
1.089398416408127446e+01 8.391589630173131198e+00 8.000000000000000000e+00
1.105198415645187993e+01 7.955590236709996432e+00 8.000000000000000000e+00
1.102198442348068852e+01 8.331590164230748385e+00 8.000000000000000000e+00
1.173398431666916508e+01 8.149590004013463229e+00 8.000000000000000000e+00
1.120998414882248539e+01 8.655590522812291354e+00 8.000000000000000000e+00
1.103598436244553227e+01 8.411590087936803073e+00 8.000000000000000000e+00
1.068998464473312993e+01 8.733589637802525729e+00 8.000000000000000000e+00
1.154998430141037602e+01 8.975590217636510104e+00 8.000000000000000000e+00
1.113598379024094243e+01 8.349589813278599948e+00 8.000000000000000000e+00
1.057198461421555180e+01 8.603590477035924167e+00 8.000000000000000000e+00
1.029798444636887211e+01 8.753590095566197604e+00 8.000000000000000000e+00
1.097798379787033696e+01 8.687590110824986667e+00 8.000000000000000000e+00
1.124598440059250493e+01 9.009589660690709323e+00 8.000000000000000000e+00
1.106598409541672368e+01 8.377589691208287448e+00 8.000000000000000000e+00
1.289116097205588929e+01 9.312569757155902295e+00 9.000000000000000000e+00
1.237916184180686585e+01 9.976570268325335888e+00 9.000000000000000000e+00
1.282916069739768616e+01 9.892570634536273388e+00 9.000000000000000000e+00
1.231716156714866273e+01 9.376569886855609326e+00 9.000000000000000000e+00
1.262116051429221741e+01 9.746569772414691357e+00 9.000000000000000000e+00
1.214716149085471741e+01 9.780570169143206982e+00 9.000000000000000000e+00
1.234516144507835023e+01 9.562569757155902295e+00 9.000000000000000000e+00
1.262716103309104554e+01 9.862569947890765576e+00 9.000000000000000000e+00
1.219916153663108460e+01 9.594570298842914013e+00 9.000000000000000000e+00
1.244116211646506898e+01 9.694570680312640576e+00 9.000000000000000000e+00
1.251316071265647523e+01 9.132570405654437451e+00 9.000000000000000000e+00
1.280316162818381898e+01 9.848570008925921826e+00 9.000000000000000000e+00
1.253116036170432679e+01 1.039056982582045308e+01 9.000000000000000000e+00
1.249516106360862366e+01 9.126569886855609326e+00 9.000000000000000000e+00
1.283916092627952210e+01 9.326570649795062451e+00 9.000000000000000000e+00
1.243716049903342835e+01 9.168570657424456982e+00 9.000000000000000000e+00
1.284316063636252991e+01 9.836569925002581982e+00 9.000000000000000000e+00
1.319916153663108460e+01 1.027056994026137104e+01 9.000000000000000000e+00
1.248716164344260804e+01 9.802570481948382763e+00 9.000000000000000000e+00
1.241916084998557679e+01 9.374570031814105420e+00 9.000000000000000000e+00
1.274916077369163148e+01 9.450570245437152295e+00 9.000000000000000000e+00
1.334116173499534241e+01 9.400570054702289013e+00 9.000000000000000000e+00
1.268716049903342835e+01 9.372570176772601513e+00 9.000000000000000000e+00
1.222116089576194398e+01 9.954569955520160107e+00 9.000000000000000000e+00
1.258316040748069398e+01 9.470569749526507763e+00 9.000000000000000000e+00
1.248516083472678773e+01 9.196570535354144482e+00 9.000000000000000000e+00
1.234716034644553773e+01 9.422570367507464795e+00 9.000000000000000000e+00
1.288716126197288148e+01 1.017257036750746479e+01 9.000000000000000000e+00
1.270516205542991273e+01 1.021657003944349995e+01 9.000000000000000000e+00
1.278716088050315491e+01 9.884570260695941357e+00 9.000000000000000000e+00
1.267316056006858460e+01 9.786570687942035107e+00 9.000000000000000000e+00
1.269916153663108460e+01 9.660570283584124951e+00 9.000000000000000000e+00
1.280116081946799866e+01 9.428569932631976513e+00 9.000000000000000000e+00
1.231716156714866273e+01 9.604570527724749951e+00 9.000000000000000000e+00
1.244316101783225648e+01 9.344570298842914013e+00 9.000000000000000000e+00
1.266516113990256898e+01 9.240570207290179638e+00 9.000000000000000000e+00
1.278916168921897523e+01 9.298569818191058545e+00 9.000000000000000000e+00
1.265316200965354554e+01 9.084570069961078076e+00 9.000000000000000000e+00
1.271916199439475648e+01 9.654569764785296826e+00 9.000000000000000000e+00
1.263516045325706116e+01 9.640569825820453076e+00 9.000000000000000000e+00
1.250972003386385722e+01 1.188205307855396953e+01 1.000000000000000000e+01
1.228571910307772441e+01 1.186805313958912578e+01 1.000000000000000000e+01
1.221171969817049785e+01 1.231005257501393046e+01 1.000000000000000000e+01
1.183971995756991191e+01 1.219605320825367656e+01 1.000000000000000000e+01
1.238571948454745097e+01 1.253405255212574687e+01 1.000000000000000000e+01
1.187771911070711894e+01 1.236605328454762187e+01 1.000000000000000000e+01
1.209971923277743144e+01 1.210605305566578593e+01 1.000000000000000000e+01
1.213371962950594707e+01 1.200805348291187968e+01 1.000000000000000000e+01
1.206371993468172832e+01 1.223405331506520000e+01 1.000000000000000000e+01
1.202171916411288066e+01 1.219205349817066875e+01 1.000000000000000000e+01
1.231571978972323222e+01 1.251405304803639140e+01 1.000000000000000000e+01
1.242571944640047832e+01 1.239005345239430156e+01 1.000000000000000000e+01
1.224571914122469707e+01 1.213805264367848125e+01 1.000000000000000000e+01
1.191171950743563457e+01 1.245005291833668437e+01 1.000000000000000000e+01
1.209571952269442363e+01 1.145605343713551250e+01 1.000000000000000000e+01
1.227771968291170879e+01 1.207605332269459453e+01 1.000000000000000000e+01
1.150972003386385722e+01 1.217005318536549296e+01 1.000000000000000000e+01
1.169371909544832988e+01 1.208205288781910625e+01 1.000000000000000000e+01
1.227771968291170879e+01 1.234805268182545390e+01 1.000000000000000000e+01
1.196371955321200176e+01 1.184005326165943828e+01 1.000000000000000000e+01
1.253371924803622051e+01 1.192405289544850078e+01 1.000000000000000000e+01
1.193371982024081035e+01 1.196405285730152812e+01 1.000000000000000000e+01
1.235172004149325176e+01 1.206005257501393046e+01 1.000000000000000000e+01
1.200371951506502910e+01 1.244405335321217265e+01 1.000000000000000000e+01
1.222171992705233379e+01 1.162205284967213359e+01 1.000000000000000000e+01
1.182771987364657207e+01 1.222605294122486796e+01 1.000000000000000000e+01
1.235172004149325176e+01 1.221405285730152812e+01 1.000000000000000000e+01
1.153571910307772441e+01 1.262805336847096171e+01 1.000000000000000000e+01
1.185571975157625957e+01 1.228605336084156718e+01 1.000000000000000000e+01
1.226171988890536113e+01 1.260405320062428203e+01 1.000000000000000000e+01
1.254771918700106426e+01 1.227805298700123515e+01 1.000000000000000000e+01
1.234171981261141582e+01 1.227805298700123515e+01 1.000000000000000000e+01
1.203571910307772441e+01 1.267405289544850078e+01 1.000000000000000000e+01
1.210571975157625957e+01 1.256005257501393046e+01 1.000000000000000000e+01
1.206971949980624004e+01 1.204005307092457500e+01 1.000000000000000000e+01
1.179971999571688457e+01 1.184005326165943828e+01 1.000000000000000000e+01
1.244171924040682597e+01 1.223405331506520000e+01 1.000000000000000000e+01
1.195771998808749004e+01 1.176405304803639140e+01 1.000000000000000000e+01
1.155571956084139629e+01 1.257805317773609843e+01 1.000000000000000000e+01
1.198171920225985332e+01 1.201605290307789531e+01 1.000000000000000000e+01
9.763586401122044123e+00 1.299639742494911587e+01 1.100000000000000000e+01
9.267586111205051935e+00 1.301039736391395962e+01 1.100000000000000000e+01
9.405586599486301935e+00 1.290039675356239712e+01 1.100000000000000000e+01
9.841586469786594904e+00 1.236839621187538540e+01 1.100000000000000000e+01
9.599585889952610529e+00 1.287639658571571744e+01 1.100000000000000000e+01
9.621586202757786310e+00 1.329839556337685025e+01 1.100000000000000000e+01
9.267586111205051935e+00 1.258839647890419400e+01 1.100000000000000000e+01
9.841586469786594904e+00 1.292439692140907681e+01 1.100000000000000000e+01
9.715586065428684748e+00 1.300839655519813931e+01 1.100000000000000000e+01
9.747586607115696467e+00 1.298039667726845181e+01 1.100000000000000000e+01
9.335585950987766779e+00 1.309839670778602994e+01 1.100000000000000000e+01
9.479586004393528498e+00 1.244039671541542447e+01 1.100000000000000000e+01
1.000158631719870428e+01 1.297839586855263150e+01 1.100000000000000000e+01
1.008958661474509100e+01 1.261639635683388150e+01 1.100000000000000000e+01
9.551586507933567560e+00 1.243039648653358853e+01 1.100000000000000000e+01
9.503586172240208185e+00 1.353439562441200650e+01 1.100000000000000000e+01
9.057586073058079279e+00 1.263239710451454556e+01 1.100000000000000000e+01
9.781586050169895685e+00 1.254839556337685025e+01 1.100000000000000000e+01
9.335585950987766779e+00 1.280439608217567837e+01 1.100000000000000000e+01
9.745585798399876154e+00 1.211239664675087369e+01 1.100000000000000000e+01
9.439586042540501154e+00 1.268839686037392056e+01 1.100000000000000000e+01
9.879586576598118342e+00 1.271239702822060025e+01 1.100000000000000000e+01
9.313586591856907404e+00 1.263439600588173306e+01 1.100000000000000000e+01
9.455585836546848810e+00 1.236239664675087369e+01 1.100000000000000000e+01
9.815586446898411310e+00 1.252639620424599087e+01 1.100000000000000000e+01
9.519585966246555842e+00 1.329639666200966275e+01 1.100000000000000000e+01
9.185586332457493342e+00 1.267639582277626431e+01 1.100000000000000000e+01
9.525586485045383967e+00 1.276239626528114712e+01 1.100000000000000000e+01
9.643586515562962092e+00 1.289639704347938931e+01 1.100000000000000000e+01
9.461586355345676935e+00 1.291439669252724087e+01 1.100000000000000000e+01
9.395586370604465998e+00 1.297439615846962369e+01 1.100000000000000000e+01
9.767586111205051935e+00 1.288239710451454556e+01 1.100000000000000000e+01
9.553586362975071467e+00 1.263439600588173306e+01 1.100000000000000000e+01
9.781586050169895685e+00 1.288439600588173306e+01 1.100000000000000000e+01
9.405586599486301935e+00 1.245039694429726040e+01 1.100000000000000000e+01
9.557586073058079279e+00 1.319639628053993619e+01 1.100000000000000000e+01
9.911586164610813654e+00 1.305239718080849087e+01 1.100000000000000000e+01
9.763586401122044123e+00 1.260639612795204556e+01 1.100000000000000000e+01
9.041586279051731623e+00 1.248439638735145962e+01 1.100000000000000000e+01
9.323585867064426935e+00 1.276239626528114712e+01 1.100000000000000000e+01
8.096290125654446612e+00 1.043620931554273668e+01 1.200000000000000000e+01
7.980289950178372393e+00 1.071820890355543199e+01 1.200000000000000000e+01
7.152289881513821612e+00 1.042020952153638902e+01 1.200000000000000000e+01
7.758289828108059893e+00 1.006420862126783433e+01 1.200000000000000000e+01
7.868289961622464190e+00 1.082620870519117418e+01 1.200000000000000000e+01
7.308290018842923175e+00 9.930208796743908550e+00 1.200000000000000000e+01
7.710289969251858722e+00 1.033020936894849839e+01 1.200000000000000000e+01
7.380289807127224933e+00 1.026420938420728746e+01 1.200000000000000000e+01
7.498289837644803058e+00 1.086620866704420152e+01 1.200000000000000000e+01
7.856289877699124347e+00 1.041220914769605699e+01 1.200000000000000000e+01
7.738289847181546222e+00 1.058820878911451402e+01 1.200000000000000000e+01
7.770289912031399737e+00 1.056020891118482652e+01 1.200000000000000000e+01
7.854290022657620440e+00 1.061820947576002183e+01 1.200000000000000000e+01
8.174289717481839190e+00 1.012420904088453355e+01 1.200000000000000000e+01
7.900290026472317706e+00 1.035020887303785386e+01 1.200000000000000000e+01
7.488289847181546222e+00 1.057420885014967027e+01 1.200000000000000000e+01
8.134289755628811847e+00 1.008420907903150621e+01 1.200000000000000000e+01
7.470289959715115558e+00 1.022820913243726793e+01 1.200000000000000000e+01
7.558290018842923175e+00 1.022820913243726793e+01 1.200000000000000000e+01
7.946290030287014972e+00 9.796208972219982769e+00 1.200000000000000000e+01
7.586289896772610675e+00 1.007220899510816636e+01 1.200000000000000000e+01
7.768290056989895831e+00 9.950209254507580425e+00 1.200000000000000000e+01
8.130290045545804034e+00 1.050820886540845933e+01 1.200000000000000000e+01
7.848289980695950518e+00 1.054820882726148668e+01 1.200000000000000000e+01
8.020289912031399737e+00 1.008020936894849839e+01 1.200000000000000000e+01
7.696290030287014972e+00 1.026820909429029527e+01 1.200000000000000000e+01
8.012290015028225909e+00 1.002220880437330308e+01 1.200000000000000000e+01
7.654289736555325518e+00 1.039220868993238511e+01 1.200000000000000000e+01
7.836289896772610675e+00 1.032220899510816636e+01 1.200000000000000000e+01
7.974289908216702472e+00 9.642208689932385113e+00 1.200000000000000000e+01
7.572289957807766925e+00 1.049220907140211168e+01 1.200000000000000000e+01
7.780290140913235675e+00 1.067620908666090074e+01 1.200000000000000000e+01
7.578289999769436847e+00 1.127620946813062730e+01 1.200000000000000000e+01
7.760289683149563800e+00 1.018420946050123277e+01 1.200000000000000000e+01
7.358289971159207354e+00 9.790209407095471050e+00 1.200000000000000000e+01
7.648289694593655597e+00 1.095820867467359605e+01 1.200000000000000000e+01
7.284289850996243487e+00 9.938209170584240582e+00 1.200000000000000000e+01
7.944289698408352862e+00 1.074420892644361558e+01 1.200000000000000000e+01
7.754290118025052081e+00 1.055220949101881089e+01 1.200000000000000000e+01
8.650290026472315930e+00 1.085420858312086168e+01 1.200000000000000000e+01
7.492604064469579050e+00 8.054103347954150394e+00 1.300000000000000000e+01
7.586603927140477488e+00 8.518103096184129086e+00 1.300000000000000000e+01
7.870603847031834910e+00 8.534103367027634945e+00 1.300000000000000000e+01
7.764603900437596629e+00 8.160103294548386899e+00 1.300000000000000000e+01
7.474603938584569285e+00 8.206103298363084164e+00 1.300000000000000000e+01
7.528604077821019480e+00 8.306103202995652524e+00 1.300000000000000000e+01
7.754604148392918894e+00 8.182103130516404477e+00 1.300000000000000000e+01
7.354604053025487254e+00 8.412103149589890805e+00 1.300000000000000000e+01
7.848604011063817332e+00 8.924103233513230649e+00 1.300000000000000000e+01
8.142604159837009803e+00 8.134103271660203305e+00 1.300000000000000000e+01
7.654603766923192332e+00 8.296103450950974789e+00 1.300000000000000000e+01
7.618603991990331004e+00 8.542103264030808774e+00 1.300000000000000000e+01
7.956603812699559519e+00 8.496103260216111508e+00 1.300000000000000000e+01
7.884603785996678660e+00 8.520103428062791195e+00 1.300000000000000000e+01
7.880604075913670847e+00 8.222103092369431820e+00 1.300000000000000000e+01
7.610604094987157175e+00 8.374103042778367367e+00 1.300000000000000000e+01
7.662604140763524363e+00 8.416103336510056820e+00 1.300000000000000000e+01
8.140603827958347694e+00 8.966103050407761899e+00 1.300000000000000000e+01
7.994603919511082957e+00 8.394103023704881039e+00 1.300000000000000000e+01
7.284603881364110300e+00 8.802103016075486508e+00 1.300000000000000000e+01
8.480603980546238319e+00 8.506103012260789242e+00 1.300000000000000000e+01
8.048603820328953162e+00 8.458103153404588070e+00 1.300000000000000000e+01
8.324603843217136756e+00 8.466103050407761899e+00 1.300000000000000000e+01
7.680603789811375925e+00 8.524103138145799008e+00 1.300000000000000000e+01
8.094603824143650428e+00 8.240103218254441586e+00 1.300000000000000000e+01
6.994603919511082957e+00 8.746103260216111508e+00 1.300000000000000000e+01
7.838603782181981394e+00 8.004103157219287112e+00 1.300000000000000000e+01
7.758603858475926707e+00 8.568103286918992367e+00 1.300000000000000000e+01
8.444604205613376990e+00 8.142103168663377133e+00 1.300000000000000000e+01
7.990603732590916941e+00 8.740103218254441586e+00 1.300000000000000000e+01
8.608603763108495954e+00 8.366103145775193539e+00 1.300000000000000000e+01
7.842603969102147410e+00 8.072103473839158383e+00 1.300000000000000000e+01
7.330603885178807566e+00 8.394103023704881039e+00 1.300000000000000000e+01
7.846604156022313425e+00 8.576103183922166195e+00 1.300000000000000000e+01
7.714604186539891550e+00 8.550103161033982602e+00 1.300000000000000000e+01
7.470603990082982371e+00 8.544103119072312680e+00 1.300000000000000000e+01
8.142604159837009803e+00 8.602103206810349789e+00 1.300000000000000000e+01
7.622604178910497019e+00 8.438103172478074399e+00 1.300000000000000000e+01
8.004604148392918006e+00 8.334103080925340024e+00 1.300000000000000000e+01
7.868603991990331004e+00 8.556103202995652524e+00 1.300000000000000000e+01
9.088529004595612193e+00 7.483904649068335857e+00 1.400000000000000000e+01
9.522529019854401255e+00 7.559904624272803630e+00 1.400000000000000000e+01
8.930529012225006724e+00 7.243904639531592693e+00 1.400000000000000000e+01
9.086528195879791880e+00 7.443904448796729412e+00 1.400000000000000000e+01
8.814528836748932505e+00 7.995904732991675701e+00 1.400000000000000000e+01
9.098528279803131724e+00 7.647904444982032146e+00 1.400000000000000000e+01
9.570528401873444224e+00 6.969904471684913005e+00 1.400000000000000000e+01
9.596528424761627818e+00 7.199904490758399334e+00 1.400000000000000000e+01
9.006528272173737193e+00 7.075904656697730388e+00 1.400000000000000000e+01
9.092528714678620005e+00 6.873904515553931560e+00 1.400000000000000000e+01
9.450528516314362193e+00 7.989904691030005779e+00 1.400000000000000000e+01
9.812528981707428599e+00 7.535904456426123943e+00 1.400000000000000000e+01
9.798529042742584849e+00 7.295904446889380779e+00 1.400000000000000000e+01
9.328528775713776255e+00 7.145904589940528240e+00 1.400000000000000000e+01
9.336528195879791880e+00 7.393904496480445232e+00 1.400000000000000000e+01
9.344528569720123912e+00 7.515904475499610271e+00 1.400000000000000000e+01
8.998528852007721568e+00 7.399904538442115154e+00 1.400000000000000000e+01
9.528528584978912974e+00 7.275904465962867107e+00 1.400000000000000000e+01
9.434528722308014537e+00 7.549904633809546795e+00 1.400000000000000000e+01
9.010528935931061412e+00 7.073904563237647380e+00 1.400000000000000000e+01
9.726528539202545787e+00 7.729904462148169841e+00 1.400000000000000000e+01
9.582528485796784068e+00 7.249904443074683513e+00 1.400000000000000000e+01
9.274528874895905162e+00 7.357904483129004802e+00 1.400000000000000000e+01
9.312528981707428599e+00 7.523904610921363201e+00 1.400000000000000000e+01
9.652528180621002818e+00 7.531904507924537029e+00 1.400000000000000000e+01
9.480528249285553599e+00 8.015904713918189373e+00 1.400000000000000000e+01
9.550528897784088755e+00 7.621904660512427654e+00 1.400000000000000000e+01
9.000528707049225474e+00 7.161904622365454998e+00 1.400000000000000000e+01
9.364529027483795787e+00 7.477904607106665935e+00 1.400000000000000000e+01
9.088529004595612193e+00 7.651904631902198162e+00 1.400000000000000000e+01
8.436528577349518443e+00 7.109904576589087810e+00 1.400000000000000000e+01
9.086528195879791880e+00 7.831904698659400310e+00 1.400000000000000000e+01
9.312528981707428599e+00 7.407904435445288982e+00 1.400000000000000000e+01
9.738528623125885630e+00 7.483904649068335857e+00 1.400000000000000000e+01
9.246528996966217662e+00 6.947904635716895427e+00 1.400000000000000000e+01
9.586528195879791880e+00 7.297904540349463787e+00 1.400000000000000000e+01
9.508528127215241099e+00 7.583904553700904216e+00 1.400000000000000000e+01
9.304528607867096568e+00 7.683904458333472576e+00 1.400000000000000000e+01
9.692528142474030162e+00 7.709904481221656170e+00 1.400000000000000000e+01
9.274528874895905162e+00 7.551904488851050701e+00 1.400000000000000000e+01
1.185899582157370524e+01 6.684560728060362500e+00 1.500000000000000000e+01
1.224299564609763102e+01 7.784561109530089063e+00 1.500000000000000000e+01
1.232899608860251384e+01 7.272561025606749219e+00 1.500000000000000000e+01
1.207299556980368571e+01 7.442561101900694531e+00 1.500000000000000000e+01
1.196299591312643962e+01 8.022561025606748331e+00 1.500000000000000000e+01
1.236499538669821696e+01 7.820560884462950391e+00 1.500000000000000000e+01
1.226499595890280681e+01 7.892560911165830362e+00 1.500000000000000000e+01
1.192299595127341227e+01 7.874560785280820596e+00 1.500000000000000000e+01
1.180699577579733806e+01 7.508561086641905469e+00 1.500000000000000000e+01
1.181499614963767009e+01 6.770560693728087109e+00 1.500000000000000000e+01
1.194299545536276774e+01 7.880560827242490518e+00 1.500000000000000000e+01
1.233099594364401774e+01 7.628560972200987500e+00 1.500000000000000000e+01
1.223699608097311931e+01 7.464560937868712109e+00 1.500000000000000000e+01
1.230099621067282634e+01 7.700560998903868359e+00 1.500000000000000000e+01
1.270899620304343181e+01 7.772561025606749219e+00 1.500000000000000000e+01
1.227099552402731852e+01 7.584560823427794141e+00 1.500000000000000000e+01
1.195099582920309977e+01 7.574561071383116406e+00 1.500000000000000000e+01
1.240499534855124431e+01 7.854560804354306924e+00 1.500000000000000000e+01
1.196899547825095134e+01 7.444560956942198438e+00 1.500000000000000000e+01
1.129699554691550212e+01 7.116560888277647656e+00 1.500000000000000000e+01
1.218299618015524821e+01 8.068561029421445596e+00 1.500000000000000000e+01
1.211899605045554118e+01 7.292561006533262891e+00 1.500000000000000000e+01
1.143299618015524821e+01 7.444560956942198438e+00 1.500000000000000000e+01
1.163499584446188884e+01 7.930561017977353799e+00 1.500000000000000000e+01
1.162899532566306071e+01 7.540560674654600781e+00 1.500000000000000000e+01
1.208499565372702556e+01 7.394560766207335156e+00 1.500000000000000000e+01
1.180099621067282634e+01 7.034561109530089063e+00 1.500000000000000000e+01
1.216899624119040446e+01 7.588561010347960156e+00 1.500000000000000000e+01
1.196899547825095134e+01 7.752561044680235547e+00 1.500000000000000000e+01
1.123099556217429118e+01 7.382560682283995313e+00 1.500000000000000000e+01
1.163299598942038493e+01 7.864561033236142862e+00 1.500000000000000000e+01
1.249299564609763102e+01 7.336560678469298047e+00 1.500000000000000000e+01
1.228299560795065837e+01 7.116560888277647656e+00 1.500000000000000000e+01
1.198299541721579509e+01 7.706561040865538281e+00 1.500000000000000000e+01
1.233499565372702556e+01 7.408560705172178906e+00 1.500000000000000000e+01
1.216299572239157634e+01 7.328560781466124219e+00 1.500000000000000000e+01
1.228499546299216227e+01 7.114561033236143750e+00 1.500000000000000000e+01
1.160099544773337321e+01 7.742560815798399609e+00 1.500000000000000000e+01
1.237499561558005290e+01 7.180561017977354688e+00 1.500000000000000000e+01
1.198499622593161540e+01 8.138560724245664346e+00 1.500000000000000000e+01
