9.976838676207631096e+00 1.000785763957887653e+01 1.000000000000000000e+00
1.052483901190099047e+01 9.643857319144306217e+00 1.000000000000000000e+00
1.027283820318517016e+01 9.863857586173114811e+00 1.000000000000000000e+00
9.904838172667592033e+00 9.785857517508564030e+00 1.000000000000000000e+00
9.928838340514271721e+00 1.030585797527223590e+01 1.000000000000000000e+00
1.001083907293614672e+01 9.777858097342548405e+00 1.000000000000000000e+00
1.041283854650792406e+01 9.741857845572528873e+00 1.000000000000000000e+00
9.704838363402455315e+00 9.737858135489521061e+00 1.000000000000000000e+00
1.032883891271886156e+01 9.695857364920673405e+00 1.000000000000000000e+00
9.510839072936146721e+00 1.033185799816041950e+01 1.000000000000000000e+00
9.552838889830677971e+00 1.008585770824342731e+01 1.000000000000000000e+00
9.886838523619740471e+00 1.013985760906129840e+01 1.000000000000000000e+00
9.812838165038197502e+00 1.008385785320192340e+01 1.000000000000000000e+00
9.692838279479115471e+00 9.831857998160419498e+00 1.000000000000000000e+00
1.041083869146642016e+01 9.785857517508564030e+00 1.000000000000000000e+00
9.574838248961537346e+00 9.961858112601337467e+00 1.000000000000000000e+00
1.037083872961339281e+01 9.621857960013446842e+00 1.000000000000000000e+00
1.031283816503819750e+01 9.703857738761005436e+00 1.000000000000000000e+00
1.023683890508946703e+01 1.013585789897829059e+01 1.000000000000000000e+00
1.056883868383702563e+01 9.859857876090106998e+00 1.000000000000000000e+00
1.045883902715977953e+01 1.022385724285036090e+01 1.000000000000000000e+00
9.880838958495228752e+00 9.853857357291278873e+00 1.000000000000000000e+00
1.008083876776036547e+01 1.046385796764284137e+01 1.000000000000000000e+00
1.053083857702550219e+01 9.073857624320087467e+00 1.000000000000000000e+00
1.012883910345372485e+01 9.579858143118915592e+00 1.000000000000000000e+00
9.970838157408802971e+00 1.025385792949586872e+01 1.000000000000000000e+00
1.056083830999669360e+01 1.048385747173219684e+01 1.000000000000000000e+00
1.058483847784337328e+01 9.787857372550067936e+00 1.000000000000000000e+00
1.034683856176671313e+01 1.047385724285036090e+01 1.000000000000000000e+00
1.046083888220128344e+01 9.587857563284931217e+00 1.000000000000000000e+00
1.010683879064854906e+01 1.010985787609010700e+01 1.000000000000000000e+00
1.047283896612462328e+01 9.823857624320087467e+00 1.000000000000000000e+00
1.052683886694249438e+01 9.807857830313739811e+00 1.000000000000000000e+00
1.002283820318517016e+01 1.020385773876100544e+01 1.000000000000000000e+00
1.068883856939610766e+01 1.037385781505495075e+01 1.000000000000000000e+00
1.011883887457188891e+01 9.809857685355243717e+00 1.000000000000000000e+00
1.009483870672520922e+01 9.897857982901630436e+00 1.000000000000000000e+00
1.008283862280186938e+01 1.048185761669069294e+01 1.000000000000000000e+00
1.035683879064854906e+01 9.865857441214618717e+00 1.000000000000000000e+00
1.043083819555577563e+01 9.125857670096454655e+00 1.000000000000000000e+00
1.126642539301706947e+01 9.795117403365123820e+00 2.000000000000000000e+00
1.130842520991160072e+01 9.811117197371471477e+00 2.000000000000000000e+00
1.162642504969431556e+01 9.923117662764537883e+00 2.000000000000000000e+00
1.121442534724070228e+01 9.693117166853893352e+00 2.000000000000000000e+00
1.156642558375193275e+01 9.685117746687877727e+00 2.000000000000000000e+00
1.145442511835886634e+01 9.745117212630260539e+00 2.000000000000000000e+00
1.157442500391794837e+01 1.025511744151209648e+01 2.000000000000000000e+00
1.127042510310007728e+01 9.125117327071178508e+00 2.000000000000000000e+00
1.096242549219919837e+01 9.889117266036022258e+00 2.000000000000000000e+00
1.157642581263376869e+01 9.565117861128795695e+00 2.000000000000000000e+00
1.047242572108103431e+01 9.889117266036022258e+00 2.000000000000000000e+00
1.150242545405222572e+01 1.075711729655360038e+01 2.000000000000000000e+00
1.160042502680613197e+01 9.785117174483287883e+00 2.000000000000000000e+00
1.175642516413523353e+01 9.767117525435436320e+00 2.000000000000000000e+00
1.149642588892771400e+01 9.559117342329967570e+00 2.000000000000000000e+00
1.159042575159861244e+01 9.943117166853893352e+00 2.000000000000000000e+00
1.168442561426951087e+01 9.947117830611217570e+00 2.000000000000000000e+00
1.117842509547068275e+01 9.449117685652721477e+00 2.000000000000000000e+00
1.099842574396921790e+01 9.691117311812389445e+00 2.000000000000000000e+00
1.072842528620554603e+01 9.775117899275768352e+00 2.000000000000000000e+00
1.136042525568796790e+01 9.249117876387584758e+00 2.000000000000000000e+00
1.085442569056345619e+01 1.005311777720545585e+01 2.000000000000000000e+00
1.129042556086374915e+01 9.383117700911510539e+00 2.000000000000000000e+00
1.113242556849314369e+01 9.587117220259655070e+00 2.000000000000000000e+00
1.096242549219919837e+01 1.005711748728846366e+01 2.000000000000000000e+00
1.134042575159861244e+01 1.067111780772303398e+01 2.000000000000000000e+00
1.081642558375193275e+01 9.479117418623912883e+00 2.000000000000000000e+00
1.187442519465281165e+01 9.581117655135143352e+00 2.000000000000000000e+00
1.139042498865915931e+01 1.078511717448328788e+01 2.000000000000000000e+00
1.144642569819285072e+01 9.563117052412975383e+00 2.000000000000000000e+00
1.107242514887644447e+01 9.401117349959362102e+00 2.000000000000000000e+00
1.103442504206492103e+01 9.825117136336315227e+00 2.000000000000000000e+00
1.132242514887644447e+01 9.613117243147838664e+00 2.000000000000000000e+00
1.082042529383494056e+01 9.845117594099987102e+00 2.000000000000000000e+00
1.147842528620554603e+01 9.705117250777233195e+00 2.000000000000000000e+00
1.122442557612253822e+01 9.443117166853893352e+00 2.000000000000000000e+00
1.112042548456980384e+01 9.779117609358776164e+00 2.000000000000000000e+00
1.150042559901072181e+01 9.703117395735729289e+00 2.000000000000000000e+00
1.140242507258249915e+01 1.013111784587000663e+01 2.000000000000000000e+00
1.133042552271677650e+01 1.015511706004236991e+01 2.000000000000000000e+00
1.122780312044753082e+01 1.108958828588244749e+01 3.000000000000000000e+00
1.079580296023024566e+01 1.110558903356311156e+01 3.000000000000000000e+00
1.093980301363600738e+01 1.117758858342883421e+01 3.000000000000000000e+00
1.108780373079909332e+01 1.099758827825305296e+01 3.000000000000000000e+00
1.107580364687575347e+01 1.126358902593371702e+01 3.000000000000000000e+00
1.081780327303542144e+01 1.137358868261096312e+01 3.000000000000000000e+00
1.086980331881178863e+01 1.136958897252795531e+01 3.000000000000000000e+00
1.137980354769362457e+01 1.060558903356311156e+01 3.000000000000000000e+00
1.086780346377028472e+01 1.098758900304553343e+01 3.000000000000000000e+00
1.105580318911208160e+01 1.068558895726916624e+01 3.000000000000000000e+00
1.148180378420485503e+01 1.151758873601672484e+01 3.000000000000000000e+00
1.108580292208327300e+01 1.135158836980578734e+01 3.000000000000000000e+00
1.099980343325270660e+01 1.153358853002307249e+01 3.000000000000000000e+00
1.096180332644118316e+01 1.149158871312854124e+01 3.000000000000000000e+00
1.138580311281813628e+01 1.154158890386340452e+01 3.000000000000000000e+00
1.106580341799391753e+01 1.073758900304553343e+01 3.000000000000000000e+00
1.060180366976393707e+01 1.132558834691760374e+01 3.000000000000000000e+00
1.100980366213454253e+01 1.131558907171008421e+01 3.000000000000000000e+00
1.126780308230055816e+01 1.154758846898791624e+01 3.000000000000000000e+00
1.080380333407057769e+01 1.115558827062365843e+01 3.000000000000000000e+00
1.084380329592360503e+01 1.192158901830432249e+01 3.000000000000000000e+00
1.081580341799391753e+01 1.101558888097522093e+01 3.000000000000000000e+00
1.151180351717604644e+01 1.096958840032336546e+01 3.000000000000000000e+00
1.103380382998122222e+01 1.168558895726916624e+01 3.000000000000000000e+00
1.122380341036452300e+01 1.118358910222766234e+01 3.000000000000000000e+00
1.111980331881178863e+01 1.134758865972277952e+01 3.000000000000000000e+00
1.140980328066481597e+01 1.119958889623400999e+01 3.000000000000000000e+00
1.082980335695876128e+01 1.073758900304553343e+01 3.000000000000000000e+00
1.097580326540602691e+01 1.125758850713488890e+01 3.000000000000000000e+00
1.136580360872878082e+01 1.167558872838733031e+01 3.000000000000000000e+00
1.080580318911208160e+01 1.102558910985705687e+01 3.000000000000000000e+00
1.171980370028151519e+01 1.202958881994006468e+01 3.000000000000000000e+00
1.105380333407057769e+01 1.047758877416369749e+01 3.000000000000000000e+00
1.150580299837721832e+01 1.111958897252795531e+01 3.000000000000000000e+00
1.110380352480544097e+01 1.134558880468127562e+01 3.000000000000000000e+00
1.145780361635817535e+01 1.151158821721789671e+01 3.000000000000000000e+00
1.127980316622389800e+01 1.107758915563342406e+01 3.000000000000000000e+00
1.116780365450514800e+01 1.134158909459826781e+01 3.000000000000000000e+00
1.059180344088210113e+01 1.130358898778674437e+01 3.000000000000000000e+00
1.141580379946364410e+01 1.142158901830432249e+01 3.000000000000000000e+00
1.016345067814953751e+01 1.170993450167601324e+01 4.000000000000000000e+00
9.417450388232545322e+00 1.141793468478148199e+01 4.000000000000000000e+00
9.313451250354127353e+00 1.097193458559935308e+01 4.000000000000000000e+00
1.008945127324231095e+01 1.183993461611693121e+01 4.000000000000000000e+00
9.757450540820435947e+00 1.099993446352904058e+01 4.000000000000000000e+00
1.004945035771496720e+01 1.128593471529906012e+01 4.000000000000000000e+00
9.205450495044068759e+00 1.053393486025755621e+01 4.000000000000000000e+00
1.071345086888440079e+01 1.079593494418089605e+01 4.000000000000000000e+00
9.717450578967408603e+00 1.158193519595091558e+01 4.000000000000000000e+00
9.757450540820435947e+00 1.096993473055784918e+01 4.000000000000000000e+00
9.485451181689576572e+00 1.115193489077513433e+01 4.000000000000000000e+00
1.036945100621350235e+01 1.141593482973997808e+01 4.000000000000000000e+00
9.121450861255006259e+00 1.175193527224486090e+01 4.000000000000000000e+00
9.573450525561646884e+00 1.155193450930540777e+01 4.000000000000000000e+00
9.727450807849244541e+00 1.145393493655150152e+01 4.000000000000000000e+00
9.801451166430787509e+00 1.132193496706907965e+01 4.000000000000000000e+00
9.499451120654420322e+00 1.145393493655150152e+01 4.000000000000000000e+00
9.845450838366822666e+00 1.121393516543333746e+01 4.000000000000000000e+00
1.012745042637951798e+01 1.127793529513304449e+01 4.000000000000000000e+00
1.005145116643078751e+01 1.146993473055784918e+01 4.000000000000000000e+00
9.517450769702271884e+00 1.166793468478148199e+01 4.000000000000000000e+00
9.943450411120728916e+00 1.167193439486448980e+01 4.000000000000000000e+00
9.407451113025025791e+00 1.159393527987425543e+01 4.000000000000000000e+00
9.527450998584107822e+00 1.062193515780394293e+01 4.000000000000000000e+00
9.415450533191041416e+00 1.141793468478148199e+01 4.000000000000000000e+00
9.983450372973756259e+00 1.107393482211058355e+01 4.000000000000000000e+00
9.457450350085572666e+00 1.095593479159300543e+01 4.000000000000000000e+00
9.853451212207154697e+00 1.139193466189329840e+01 4.000000000000000000e+00
9.255450685778932041e+00 1.120193508150999762e+01 4.000000000000000000e+00
9.113450487414674228e+00 1.181193473818724371e+01 4.000000000000000000e+00
1.020745035008557267e+01 1.164393451693480230e+01 4.000000000000000000e+00
1.010145040349133438e+01 1.126393440249388433e+01 4.000000000000000000e+00
9.641450365344361728e+00 1.108993461611693121e+01 4.000000000000000000e+00
9.837450464526490634e+00 1.097793510439818121e+01 4.000000000000000000e+00
9.585450609484986728e+00 1.140193489077513433e+01 4.000000000000000000e+00
1.005145116643078751e+01 1.140393474581663824e+01 4.000000000000000000e+00
1.009545083836682267e+01 1.097993495943968512e+01 4.000000000000000000e+00
9.149450739184693759e+00 1.118593528750364996e+01 4.000000000000000000e+00
9.159450968066529697e+00 1.128793457034056402e+01 4.000000000000000000e+00
1.043145032719738907e+01 1.105193450930540777e+01 4.000000000000000000e+00
8.644030066662667267e+00 1.038009962929089980e+01 5.000000000000000000e+00
8.938029738598702423e+00 1.007609972847302870e+01 5.000000000000000000e+00
8.988029929333565704e+00 1.016209921730359511e+01 5.000000000000000000e+00
8.940030547314522735e+00 1.024009928596814589e+01 5.000000000000000000e+00
8.824030371838448517e+00 1.028809962166150527e+01 5.000000000000000000e+00
8.752030345135567657e+00 1.067209944618543105e+01 5.000000000000000000e+00
8.854030104809639923e+00 1.053409895790418105e+01 5.000000000000000000e+00
9.246030303173897735e+00 1.062409911049207167e+01 5.000000000000000000e+00
9.268030615979073517e+00 1.012609896553357558e+01 5.000000000000000000e+00
9.128030272656319610e+00 9.922099446185431049e+00 5.000000000000000000e+00
8.870029898815987579e+00 1.025609907997449355e+01 5.000000000000000000e+00
8.656030150586007110e+00 1.037409911049207167e+01 5.000000000000000000e+00
8.682030173474190704e+00 1.088809904945691542e+01 5.000000000000000000e+00
8.588030310803292267e+00 1.041409907234509902e+01 5.000000000000000000e+00
9.054029914074776642e+00 9.646099423297247455e+00 5.000000000000000000e+00
8.856029959851143829e+00 1.021809897316297011e+01 5.000000000000000000e+00
8.842030020886300079e+00 9.660099362262091205e+00 5.000000000000000000e+00
8.890030356579659454e+00 1.024009928596814589e+01 5.000000000000000000e+00
8.816029997998116485e+00 1.033209929359754042e+01 5.000000000000000000e+00
8.870029898815987579e+00 1.042009959114392714e+01 5.000000000000000000e+00
8.898029776745675079e+00 1.047409949196179824e+01 5.000000000000000000e+00
9.406030150586007110e+00 1.066609892738660292e+01 5.000000000000000000e+00
9.044030638867257110e+00 1.025809893501599745e+01 5.000000000000000000e+00
8.396030398541329376e+00 9.690099095233282611e+00 5.000000000000000000e+00
8.972030135327218048e+00 1.094009909523328261e+01 5.000000000000000000e+00
9.356029959851143829e+00 1.060609946144422011e+01 5.000000000000000000e+00
8.716030093365548126e+00 1.061809954536755995e+01 5.000000000000000000e+00
8.778029891186593048e+00 1.011609969032605605e+01 5.000000000000000000e+00
9.278029891186593048e+00 1.092009959114392714e+01 5.000000000000000000e+00
8.892030211621163360e+00 1.055409941566785292e+01 5.000000000000000000e+00
8.648030253582833282e+00 1.083809885872205214e+01 5.000000000000000000e+00
8.442030402356026642e+00 1.046609911812146620e+01 5.000000000000000000e+00
8.740030261212227813e+00 1.026209959877332167e+01 5.000000000000000000e+00
8.714030238324044220e+00 1.053809962166150527e+01 5.000000000000000000e+00
8.762030097180245392e+00 1.077009901893933730e+01 5.000000000000000000e+00
8.938029738598702423e+00 1.065409979713757949e+01 5.000000000000000000e+00
9.160029860669014923e+00 1.031409964454968886e+01 5.000000000000000000e+00
9.022030326062081329e+00 1.053609976662000136e+01 5.000000000000000000e+00
9.060030432873604767e+00 1.027609953773816542e+01 5.000000000000000000e+00
8.998030158215401642e+00 9.858099316485724017e+00 5.000000000000000000e+00
8.628224208010854213e+00 9.755650754478997655e+00 6.000000000000000000e+00
8.528224303378285853e+00 8.973650212791985936e+00 6.000000000000000000e+00
8.824224307192983119e+00 9.187650914696282811e+00 6.000000000000000000e+00
8.720224215640248744e+00 9.379650350121087499e+00 6.000000000000000000e+00
9.068224742068471400e+00 8.831650968102044530e+00 6.000000000000000000e+00
9.362224414004506556e+00 8.635650868919915624e+00 6.000000000000000000e+00
8.708224131716908900e+00 8.611650701073235936e+00 6.000000000000000000e+00
7.956224276675404994e+00 9.443650479820794530e+00 6.000000000000000000e+00
8.770224406375112025e+00 8.785650487450189061e+00 6.000000000000000000e+00
8.268224551333608119e+00 9.623650784996575780e+00 6.000000000000000000e+00
8.744224383486928431e+00 9.133651013878411717e+00 6.000000000000000000e+00
9.020224406375112025e+00 9.145651097801751561e+00 6.000000000000000000e+00
8.674224688662709681e+00 9.511650319603509374e+00 6.000000000000000000e+00
8.972224070681752650e+00 9.239650960472649999e+00 6.000000000000000000e+00
8.484224154605092494e+00 9.129650350121087499e+00 6.000000000000000000e+00
8.356224372042836634e+00 8.849650617149896092e+00 6.000000000000000000e+00
8.888224436892690150e+00 9.285650487450189061e+00 6.000000000000000000e+00
9.022224261416615931e+00 9.081650968102044530e+00 6.000000000000000000e+00
9.004224612368764369e+00 9.073650594261712499e+00 6.000000000000000000e+00
8.698223902835072963e+00 9.405650373009271092e+00 6.000000000000000000e+00
8.362224414004506556e+00 9.715650792625970311e+00 6.000000000000000000e+00
9.186224772586049525e+00 8.727650876549310155e+00 6.000000000000000000e+00
8.648224188937367884e+00 9.349650617149896092e+00 6.000000000000000000e+00
8.698223902835072963e+00 9.381651158836907811e+00 6.000000000000000000e+00
9.274224116458119838e+00 9.351650472191399999e+00 6.000000000000000000e+00
8.428224398745717494e+00 9.075650449303216405e+00 6.000000000000000000e+00
8.878224208010854213e+00 9.215650792625970311e+00 6.000000000000000000e+00
8.556224181307973353e+00 9.371650929955071874e+00 6.000000000000000000e+00
8.526224448336781947e+00 9.033650632408685155e+00 6.000000000000000000e+00
8.644224478854360072e+00 9.129650350121087499e+00 6.000000000000000000e+00
8.914224459780873744e+00 9.645651097801751561e+00 6.000000000000000000e+00
8.740224673403920619e+00 9.471650357750482030e+00 6.000000000000000000e+00
8.686224772586049525e+00 9.969650502708978124e+00 6.000000000000000000e+00
9.004224612368764369e+00 9.193650479820794530e+00 6.000000000000000000e+00
8.502224280490102259e+00 9.511650319603509374e+00 6.000000000000000000e+00
9.056224658145131556e+00 9.543650861290521092e+00 6.000000000000000000e+00
8.544224574221791713e+00 8.985650296715325780e+00 6.000000000000000000e+00
8.854224040164174525e+00 9.409651036766595311e+00 6.000000000000000000e+00
8.320224597109975306e+00 9.203650708702630467e+00 6.000000000000000000e+00
8.894224002017201869e+00 9.485650296715325780e+00 6.000000000000000000e+00
9.801864601519259423e+00 9.495648088562452571e+00 7.000000000000000000e+00
1.043586442604318520e+01 9.075648012268507259e+00 7.000000000000000000e+00
9.515864349749239892e+00 8.929648103821241634e+00 7.000000000000000000e+00
1.003186414375558755e+01 8.751648607361280696e+00 7.000000000000000000e+00
9.969864822771700830e+00 8.759648504364454524e+00 7.000000000000000000e+00
8.987864471819552392e+00 9.437648477661573665e+00 7.000000000000000000e+00
9.703864075091036767e+00 8.543648424255811946e+00 7.000000000000000000e+00
9.793864227678927392e+00 8.715648355591261165e+00 7.000000000000000000e+00
9.261864639666232080e+00 9.051648798096143977e+00 7.000000000000000000e+00
9.755864120867403955e+00 8.631648244965040462e+00 7.000000000000000000e+00
1.024786470070138833e+01 8.939648332703077571e+00 7.000000000000000000e+00
9.927864052202853173e+00 8.833648386108839290e+00 7.000000000000000000e+00
9.591864563372286767e+00 8.887648286926710384e+00 7.000000000000000000e+00
9.889864899065646142e+00 9.167648019897901790e+00 7.000000000000000000e+00
1.012986467018381020e+01 8.817648592102491634e+00 7.000000000000000000e+00
9.937864281084689111e+00 8.937648477661573665e+00 7.000000000000000000e+00
1.010586450233713052e+01 8.437648477661573665e+00 7.000000000000000000e+00
9.953864075091036767e+00 9.363648119080030696e+00 7.000000000000000000e+00
9.727864242937716455e+00 9.127648058044874446e+00 7.000000000000000000e+00
9.773864723589571923e+00 8.675648393738233821e+00 7.000000000000000000e+00
9.827864624407443017e+00 9.425648393738233821e+00 7.000000000000000000e+00
9.851864792254122705e+00 8.651648225891554134e+00 7.000000000000000000e+00
9.213864303972872705e+00 8.909648599731886165e+00 7.000000000000000000e+00
9.659864403155001611e+00 9.357648553955518977e+00 7.000000000000000000e+00
9.643864609148653955e+00 8.451648416626417415e+00 7.000000000000000000e+00
9.479864097979220361e+00 8.899648370850050227e+00 7.000000000000000000e+00
9.911864258196505517e+00 8.573648634064161556e+00 7.000000000000000000e+00
9.801864601519259423e+00 9.007648172485792415e+00 7.000000000000000000e+00
1.015586469307199380e+01 8.951648416626417415e+00 7.000000000000000000e+00
9.751864410784396142e+00 8.549648466217481868e+00 7.000000000000000000e+00
9.773864723589571923e+00 9.113648119080030696e+00 7.000000000000000000e+00
9.515864349749239892e+00 9.043648424255811946e+00 7.000000000000000000e+00
9.991864181902560205e+00 8.889648141968214290e+00 7.000000000000000000e+00
1.065586469307199380e+01 8.777648630249464290e+00 7.000000000000000000e+00
9.799864746477755517e+00 8.561648550140821712e+00 7.000000000000000000e+00
9.809864021685275048e+00 8.943648042786085384e+00 7.000000000000000000e+00
1.015786454811349770e+01 8.569648447143995540e+00 7.000000000000000000e+00
9.955864883806857080e+00 8.795648279297315852e+00 7.000000000000000000e+00
1.006386468544259927e+01 8.333648386108839290e+00 7.000000000000000000e+00
9.945864654925021142e+00 8.751648607361280696e+00 7.000000000000000000e+00
1.129598459132736821e+01 8.757589805649205417e+00 8.000000000000000000e+00
1.131998380549973149e+01 8.627589691208287448e+00 8.000000000000000000e+00
1.052798398860520024e+01 9.005589950607701510e+00 8.000000000000000000e+00
1.108398374446457524e+01 8.195590484665318698e+00 8.000000000000000000e+00
1.146798452266281743e+01 8.657590377853795260e+00 8.000000000000000000e+00
1.144398435481613774e+01 8.565590370224400729e+00 8.000000000000000000e+00
1.138998445399826664e+01 7.655590045975133151e+00 8.000000000000000000e+00
1.149198373683518071e+01 8.335589874313756198e+00 8.000000000000000000e+00
1.101398404964035649e+01 8.499590385483189792e+00 8.000000000000000000e+00
1.075798448451584477e+01 8.601589668320103854e+00 8.000000000000000000e+00
1.113798459895676274e+01 8.811589706467076510e+00 8.000000000000000000e+00
1.110398420222824711e+01 8.261590469406529635e+00 8.000000000000000000e+00
1.069398435481613774e+01 8.287590492294713229e+00 8.000000000000000000e+00
1.165198453792160649e+01 8.905590522812291354e+00 8.000000000000000000e+00
1.136398443111008305e+01 8.163589942978306979e+00 8.000000000000000000e+00
1.078598436244553227e+01 7.865590084122105807e+00 8.000000000000000000e+00
1.125798448451584477e+01 8.275590408371373385e+00 8.000000000000000000e+00
1.094198449977463383e+01 8.395590293930455417e+00 8.000000000000000000e+00
1.118798383601730961e+01 8.239590156601353854e+00 8.000000000000000000e+00
1.112598451503342289e+01 8.463590133713170260e+00 8.000000000000000000e+00
1.144398435481613774e+01 8.477590072678014010e+00 8.000000000000000000e+00
1.106598409541672368e+01 8.585589874313756198e+00 8.000000000000000000e+00
1.141998418696945805e+01 8.093590248154088229e+00 8.000000000000000000e+00
1.109998449214523930e+01 8.653589714096471042e+00 8.000000000000000000e+00
1.110598405726975102e+01 8.635590065048619479e+00 8.000000000000000000e+00
1.063398393519943852e+01 8.363589752243443698e+00 8.000000000000000000e+00
1.089398416408127446e+01 8.391589630173131198e+00 8.000000000000000000e+00
1.105198415645187993e+01 7.955590236709996432e+00 8.000000000000000000e+00
1.102198442348068852e+01 8.331590164230748385e+00 8.000000000000000000e+00
1.173398431666916508e+01 8.149590004013463229e+00 8.000000000000000000e+00
1.120998414882248539e+01 8.655590522812291354e+00 8.000000000000000000e+00
1.103598436244553227e+01 8.411590087936803073e+00 8.000000000000000000e+00
1.068998464473312993e+01 8.733589637802525729e+00 8.000000000000000000e+00
1.154998430141037602e+01 8.975590217636510104e+00 8.000000000000000000e+00
1.113598379024094243e+01 8.349589813278599948e+00 8.000000000000000000e+00
1.057198461421555180e+01 8.603590477035924167e+00 8.000000000000000000e+00
1.029798444636887211e+01 8.753590095566197604e+00 8.000000000000000000e+00
1.097798379787033696e+01 8.687590110824986667e+00 8.000000000000000000e+00
1.124598440059250493e+01 9.009589660690709323e+00 8.000000000000000000e+00
1.106598409541672368e+01 8.377589691208287448e+00 8.000000000000000000e+00
1.280692109448376037e+01 9.276122509495097646e+00 9.000000000000000000e+00
1.229492196423473693e+01 9.940123020664531239e+00 9.000000000000000000e+00
1.274492081982555725e+01 9.856123386875468739e+00 9.000000000000000000e+00
1.223292168957653381e+01 9.340122639194804677e+00 9.000000000000000000e+00
1.253692063672008850e+01 9.710122524753886708e+00 9.000000000000000000e+00
1.206292161328258850e+01 9.744122921482402333e+00 9.000000000000000000e+00
1.226092156750622131e+01 9.526122509495097646e+00 9.000000000000000000e+00
1.254292115551891662e+01 9.826122700229960927e+00 9.000000000000000000e+00
1.211492165905895568e+01 9.558123051182109364e+00 9.000000000000000000e+00
1.235692223889294006e+01 9.658123432651835927e+00 9.000000000000000000e+00
1.242892083508434631e+01 9.096123157993632802e+00 9.000000000000000000e+00
1.271892175061169006e+01 9.812122761265117177e+00 9.000000000000000000e+00
1.244692048413219787e+01 1.035412257815964843e+01 9.000000000000000000e+00
1.241092118603649475e+01 9.090122639194804677e+00 9.000000000000000000e+00
1.275492104870739318e+01 9.290123402134257802e+00 9.000000000000000000e+00
1.235292062146129943e+01 9.132123409763652333e+00 9.000000000000000000e+00
1.275892075879040100e+01 9.800122677341777333e+00 9.000000000000000000e+00
1.311492165905895568e+01 1.023412269260056640e+01 9.000000000000000000e+00
1.240292176587047912e+01 9.766123234287578114e+00 9.000000000000000000e+00
1.233492097241344787e+01 9.338122784153300771e+00 9.000000000000000000e+00
1.266492089611950256e+01 9.414122997776347646e+00 9.000000000000000000e+00
1.325692185742321350e+01 9.364122807041484364e+00 9.000000000000000000e+00
1.260292062146129943e+01 9.336122929111796864e+00 9.000000000000000000e+00
1.213692101818981506e+01 9.918122707859355458e+00 9.000000000000000000e+00
1.249892052990856506e+01 9.434122501865703114e+00 9.000000000000000000e+00
1.240092095715465881e+01 9.160123287693339833e+00 9.000000000000000000e+00
1.226292046887340881e+01 9.386123119846660146e+00 9.000000000000000000e+00
1.280292138440075256e+01 1.013612311984666015e+01 9.000000000000000000e+00
1.262092217785778381e+01 1.018012279178269530e+01 9.000000000000000000e+00
1.270292100293102600e+01 9.848123013035136708e+00 9.000000000000000000e+00
1.258892068249645568e+01 9.750123440281230458e+00 9.000000000000000000e+00
1.261492165905895568e+01 9.624123035923320302e+00 9.000000000000000000e+00
1.271692094189586975e+01 9.392122684971171864e+00 9.000000000000000000e+00
1.223292168957653381e+01 9.568123280063945302e+00 9.000000000000000000e+00
1.235892114026012756e+01 9.308123051182109364e+00 9.000000000000000000e+00
1.258092126233044006e+01 9.204122959629374989e+00 9.000000000000000000e+00
1.270492181164684631e+01 9.262122570530253896e+00 9.000000000000000000e+00
1.256892213208141662e+01 9.048122822300273427e+00 9.000000000000000000e+00
1.263492211682262756e+01 9.618122517124492177e+00 9.000000000000000000e+00
1.255092057568493225e+01 9.604122578159648427e+00 9.000000000000000000e+00
1.242843062520187658e+01 1.052624567836929259e+01 1.000000000000000000e+01
1.220442969441574377e+01 1.051224573940444884e+01 1.000000000000000000e+01
1.213043028950851721e+01 1.095424517482925353e+01 1.000000000000000000e+01
1.175843054890793127e+01 1.084024580806899962e+01 1.000000000000000000e+01
1.230443007588547033e+01 1.117824515194106993e+01 1.000000000000000000e+01
1.179642970204513830e+01 1.101024588436294493e+01 1.000000000000000000e+01
1.201842982411545080e+01 1.075024565548110900e+01 1.000000000000000000e+01
1.205243022084396642e+01 1.065224608272720275e+01 1.000000000000000000e+01
1.198243052601974767e+01 1.087824591488052306e+01 1.000000000000000000e+01
1.194042975545090002e+01 1.083624609798599181e+01 1.000000000000000000e+01
1.223443038106125158e+01 1.115824564785171447e+01 1.000000000000000000e+01
1.234443003773849767e+01 1.103424605220962462e+01 1.000000000000000000e+01
1.216442973256271642e+01 1.078224524349380431e+01 1.000000000000000000e+01
1.183043009877365392e+01 1.109424551815200743e+01 1.000000000000000000e+01
1.201443011403244299e+01 1.010024603695083556e+01 1.000000000000000000e+01
1.219643027424972814e+01 1.072024592250991759e+01 1.000000000000000000e+01
1.142843062520187658e+01 1.081424578518081603e+01 1.000000000000000000e+01
1.161242968678634924e+01 1.072624548763442931e+01 1.000000000000000000e+01
1.219643027424972814e+01 1.099224528164077697e+01 1.000000000000000000e+01
1.188243014455002111e+01 1.048424586147476134e+01 1.000000000000000000e+01
1.245242983937423986e+01 1.056824549526382384e+01 1.000000000000000000e+01
1.185243041157882971e+01 1.060824545711685118e+01 1.000000000000000000e+01
1.227043063283127111e+01 1.070424517482925353e+01 1.000000000000000000e+01
1.192243010640304846e+01 1.108824595302749572e+01 1.000000000000000000e+01
1.214043051839035314e+01 1.026624544948745665e+01 1.000000000000000000e+01
1.174643046498459142e+01 1.087024554104019103e+01 1.000000000000000000e+01
1.227043063283127111e+01 1.085824545711685118e+01 1.000000000000000000e+01
1.145442969441574377e+01 1.127224596828628478e+01 1.000000000000000000e+01
1.177443034291427892e+01 1.093024596065689025e+01 1.000000000000000000e+01
1.218043048024338049e+01 1.124824580043960509e+01 1.000000000000000000e+01
1.246642977833908361e+01 1.092224558681655822e+01 1.000000000000000000e+01
1.226043040394943517e+01 1.092224558681655822e+01 1.000000000000000000e+01
1.195442969441574377e+01 1.131824549526382384e+01 1.000000000000000000e+01
1.202443034291427892e+01 1.120424517482925353e+01 1.000000000000000000e+01
1.198843009114425939e+01 1.068424567073989806e+01 1.000000000000000000e+01
1.171843058705490392e+01 1.048424586147476134e+01 1.000000000000000000e+01
1.236042983174484533e+01 1.087824591488052306e+01 1.000000000000000000e+01
1.187643057942550939e+01 1.040824564785171447e+01 1.000000000000000000e+01
1.147443015217941564e+01 1.122224577755142150e+01 1.000000000000000000e+01
1.190042979359787267e+01 1.066024550289321837e+01 1.000000000000000000e+01
1.202845497509633965e+01 1.211839896529218663e+01 1.100000000000000000e+01
1.153245468517934746e+01 1.213239890425703038e+01 1.100000000000000000e+01
1.167045517346059746e+01 1.202239829390546788e+01 1.100000000000000000e+01
1.210645504376089043e+01 1.149039775221845616e+01 1.100000000000000000e+01
1.186445446392690606e+01 1.199839812605878819e+01 1.100000000000000000e+01
1.188645477673208184e+01 1.242039710371992101e+01 1.100000000000000000e+01
1.153245468517934746e+01 1.171039801924726476e+01 1.100000000000000000e+01
1.210645504376089043e+01 1.204639846175214757e+01 1.100000000000000000e+01
1.198045463940298028e+01 1.213039809554121007e+01 1.100000000000000000e+01
1.201245518108999200e+01 1.210239821761152257e+01 1.100000000000000000e+01
1.160045452496206231e+01 1.222039824812910069e+01 1.100000000000000000e+01
1.174445457836782403e+01 1.156239825575849522e+01 1.100000000000000000e+01
1.226645489117299981e+01 1.210039740889570226e+01 1.100000000000000000e+01
1.235445518871938653e+01 1.173839789717695226e+01 1.100000000000000000e+01
1.181645508190786309e+01 1.155239802687665929e+01 1.100000000000000000e+01
1.176845474621450371e+01 1.265639716475507726e+01 1.100000000000000000e+01
1.132245464703237481e+01 1.175439864485761632e+01 1.100000000000000000e+01
1.204645462414419121e+01 1.167039710371992101e+01 1.100000000000000000e+01
1.160045452496206231e+01 1.192639762251874913e+01 1.100000000000000000e+01
1.201045437237417168e+01 1.123439818709394444e+01 1.100000000000000000e+01
1.170445461651479668e+01 1.181039840071699132e+01 1.100000000000000000e+01
1.214445515057241387e+01 1.183439856856367101e+01 1.100000000000000000e+01
1.157845516583120293e+01 1.175639754622480382e+01 1.100000000000000000e+01
1.172045441052114434e+01 1.148439818709394444e+01 1.100000000000000000e+01
1.208045502087270684e+01 1.164839774458906163e+01 1.100000000000000000e+01
1.178445454022085137e+01 1.241839820235273351e+01 1.100000000000000000e+01
1.145045490643178887e+01 1.179839736311933507e+01 1.100000000000000000e+01
1.179045505901967950e+01 1.188439780562421788e+01 1.100000000000000000e+01
1.190845508953725762e+01 1.201839858382246007e+01 1.100000000000000000e+01
1.172645492931997246e+01 1.203639823287031163e+01 1.100000000000000000e+01
1.166045494457876153e+01 1.209639769881269444e+01 1.100000000000000000e+01
1.203245468517934746e+01 1.200439864485761632e+01 1.100000000000000000e+01
1.181845493694936700e+01 1.175639754622480382e+01 1.100000000000000000e+01
1.204645462414419121e+01 1.200639754622480382e+01 1.100000000000000000e+01
1.167045517346059746e+01 1.157239848464033116e+01 1.100000000000000000e+01
1.182245464703237481e+01 1.231839782088300694e+01 1.100000000000000000e+01
1.217645473858510918e+01 1.217439872115156163e+01 1.100000000000000000e+01
1.202845497509633965e+01 1.172839766829511632e+01 1.100000000000000000e+01
1.130645485302602715e+01 1.160639792769453038e+01 1.100000000000000000e+01
1.158845444103872246e+01 1.188439780562421788e+01 1.100000000000000000e+01
1.116367927425162598e+01 1.256892255903146882e+01 1.200000000000000000e+01
1.104767909877555176e+01 1.285092214704416413e+01 1.200000000000000000e+01
1.021967903011100098e+01 1.255292276502512117e+01 1.200000000000000000e+01
1.082567897670523926e+01 1.219692186475656648e+01 1.200000000000000000e+01
1.093567911021964356e+01 1.295892194867990632e+01 1.200000000000000000e+01
1.037567916744010255e+01 1.206292204023264070e+01 1.200000000000000000e+01
1.077767911784903809e+01 1.246292261243723054e+01 1.200000000000000000e+01
1.044767895572440430e+01 1.239692262769601960e+01 1.200000000000000000e+01
1.056567898624198243e+01 1.299892191053293367e+01 1.200000000000000000e+01
1.092367902629630372e+01 1.254492239118478913e+01 1.200000000000000000e+01
1.080567899577872559e+01 1.272092203260324617e+01 1.200000000000000000e+01
1.083767906062857911e+01 1.269292215467355867e+01 1.200000000000000000e+01
1.092167917125479981e+01 1.275092271924875398e+01 1.200000000000000000e+01
1.124167886607901856e+01 1.225692228437326570e+01 1.200000000000000000e+01
1.096767917506949708e+01 1.248292211652658601e+01 1.200000000000000000e+01
1.055567899577872559e+01 1.270692209363840242e+01 1.200000000000000000e+01
1.120167890422599122e+01 1.221692232252023835e+01 1.200000000000000000e+01
1.053767910831229493e+01 1.236092237592600007e+01 1.200000000000000000e+01
1.062567916744010255e+01 1.236092237592600007e+01 1.200000000000000000e+01
1.101367917888419434e+01 1.192892221570871492e+01 1.200000000000000000e+01
1.065367904536979005e+01 1.220492223859689851e+01 1.200000000000000000e+01
1.083567920558707520e+01 1.208292249799631257e+01 1.200000000000000000e+01
1.119767919414298341e+01 1.264092210889719148e+01 1.200000000000000000e+01
1.091567912929312989e+01 1.268092207075021882e+01 1.200000000000000000e+01
1.108767906062857911e+01 1.221292261243723054e+01 1.200000000000000000e+01
1.076367917888419434e+01 1.240092233777902742e+01 1.200000000000000000e+01
1.107967916362540528e+01 1.215492204786203523e+01 1.200000000000000000e+01
1.072167888515250489e+01 1.252492193342111726e+01 1.200000000000000000e+01
1.090367904536979005e+01 1.245492223859689851e+01 1.200000000000000000e+01
1.104167905681388184e+01 1.177492193342111726e+01 1.200000000000000000e+01
1.063967910640494630e+01 1.262492231489084382e+01 1.200000000000000000e+01
1.084767928951041505e+01 1.280892233014963288e+01 1.200000000000000000e+01
1.064567914836661622e+01 1.340892271161935945e+01 1.200000000000000000e+01
1.082767883174674317e+01 1.231692270398996492e+01 1.200000000000000000e+01
1.042567911975638673e+01 1.192292265058420320e+01 1.200000000000000000e+01
1.071567884319083497e+01 1.309092191816232820e+01 1.200000000000000000e+01
1.035167899959342286e+01 1.207092241407297273e+01 1.200000000000000000e+01
1.101167884700553223e+01 1.287692216993234773e+01 1.200000000000000000e+01
1.082167926662223145e+01 1.268492273450754304e+01 1.200000000000000000e+01
1.171767917506949530e+01 1.298692182660959382e+01 1.200000000000000000e+01
9.077962135594363602e+00 7.457867024119861021e+00 1.300000000000000000e+01
9.171961998265262039e+00 7.921866772349839714e+00 1.300000000000000000e+01
9.455961918156619461e+00 7.937867043193345573e+00 1.300000000000000000e+01
9.349961971562381180e+00 7.563866970714097526e+00 1.300000000000000000e+01
9.059962009709353836e+00 7.609866974528794792e+00 1.300000000000000000e+01
9.113962148945804032e+00 7.709866879161363151e+00 1.300000000000000000e+01
9.339962219517703446e+00 7.585866806682115104e+00 1.300000000000000000e+01
8.939962124150271805e+00 7.815866825755601432e+00 1.300000000000000000e+01
9.433962082188601883e+00 8.327866909678942164e+00 1.300000000000000000e+01
9.727962230961795242e+00 7.537866947825913932e+00 1.300000000000000000e+01
9.239961838047976883e+00 7.699867127116685417e+00 1.300000000000000000e+01
9.203962063115115555e+00 7.945866940196519401e+00 1.300000000000000000e+01
9.541961883824344071e+00 7.899866936381822136e+00 1.300000000000000000e+01
9.469961857121463211e+00 7.923867104228501823e+00 1.300000000000000000e+01
9.465962147038455399e+00 7.625866768535142448e+00 1.300000000000000000e+01
9.195962166111941727e+00 7.777866718944077995e+00 1.300000000000000000e+01
9.247962211888308914e+00 7.819867012675767448e+00 1.300000000000000000e+01
9.725961899083133133e+00 8.369866726573473414e+00 1.300000000000000000e+01
9.579961990635867508e+00 7.797866699870591667e+00 1.300000000000000000e+01
8.869961952488894852e+00 8.205866692241198024e+00 1.300000000000000000e+01
1.006596205167102376e+01 7.909866688426499870e+00 1.300000000000000000e+01
9.633961891453738602e+00 7.861866829570298698e+00 1.300000000000000000e+01
9.909961914341922196e+00 7.869866726573472526e+00 1.300000000000000000e+01
9.265961860936160477e+00 7.927866814311509636e+00 1.300000000000000000e+01
9.679961895268435867e+00 7.643866894420152214e+00 1.300000000000000000e+01
8.579961990635867508e+00 8.149866936381823024e+00 1.300000000000000000e+01
9.423961853306765946e+00 7.407866833384997740e+00 1.300000000000000000e+01
9.343961929600711258e+00 7.971866963084702995e+00 1.300000000000000000e+01
1.002996227673816243e+01 7.545866844829087761e+00 1.300000000000000000e+01
9.575961803715701492e+00 8.143866894420153102e+00 1.300000000000000000e+01
1.019396183423328139e+01 7.769866821940904167e+00 1.300000000000000000e+01
9.427962040226931961e+00 7.475867150004869011e+00 1.300000000000000000e+01
8.915961956303592117e+00 7.797866699870591667e+00 1.300000000000000000e+01
9.431962227147097977e+00 7.979866860087876823e+00 1.300000000000000000e+01
9.299962257664676102e+00 7.953866837199693229e+00 1.300000000000000000e+01
9.055962061207766922e+00 7.947866795238023307e+00 1.300000000000000000e+01
9.727962230961795242e+00 8.005866882976061305e+00 1.300000000000000000e+01
9.207962250035281571e+00 7.841866848643785026e+00 1.300000000000000000e+01
9.589962219517703446e+00 7.737866757091050651e+00 1.300000000000000000e+01
9.453962063115115555e+00 7.959866879161363151e+00 1.300000000000000000e+01
1.018950894014539976e+01 7.770744061262548463e+00 1.400000000000000000e+01
1.062350895540418882e+01 7.846744036467016237e+00 1.400000000000000000e+01
1.003150894777479429e+01 7.530744051725805299e+00 1.400000000000000000e+01
1.018750813142957945e+01 7.730743860990942018e+00 1.400000000000000000e+01
9.915508772298720075e+00 8.282744145185887419e+00 1.400000000000000000e+01
1.019950821535291929e+01 7.934743857176244752e+00 1.400000000000000000e+01
1.067150833742323179e+01 7.256743883879125612e+00 1.400000000000000000e+01
1.069750836031141539e+01 7.486743902952611940e+00 1.400000000000000000e+01
1.010750820772352476e+01 7.362744068891942995e+00 1.400000000000000000e+01
1.019350865022840757e+01 7.160743927748144166e+00 1.400000000000000000e+01
1.055150845186414976e+01 8.276744103224217497e+00 1.400000000000000000e+01
1.091350891725721617e+01 7.822743868620336549e+00 1.400000000000000000e+01
1.089950897829237242e+01 7.582743859083593385e+00 1.400000000000000000e+01
1.042950871126356382e+01 7.432744002134740846e+00 1.400000000000000000e+01
1.043750813142957945e+01 7.680743908674657838e+00 1.400000000000000000e+01
1.044550850526991148e+01 7.802743887693822877e+00 1.400000000000000000e+01
1.009950878755750914e+01 7.686743950636327760e+00 1.400000000000000000e+01
1.062950852052870054e+01 7.562743878157079713e+00 1.400000000000000000e+01
1.053550865785780211e+01 7.836744046003759401e+00 1.400000000000000000e+01
1.011150887148084898e+01 7.360743975431859987e+00 1.400000000000000000e+01
1.082750847475233336e+01 8.016743874342381559e+00 1.400000000000000000e+01
1.068350842134657164e+01 7.536743855268896120e+00 1.400000000000000000e+01
1.037550881044569273e+01 7.644743895323217409e+00 1.400000000000000000e+01
1.041350891725721617e+01 7.810744023115575807e+00 1.400000000000000000e+01
1.075350811617079039e+01 7.818743920118749635e+00 1.400000000000000000e+01
1.058150818483534117e+01 8.302744126112401091e+00 1.400000000000000000e+01
1.065150883333387632e+01 7.908744072706640260e+00 1.400000000000000000e+01
1.010150864259901304e+01 7.448744034559667604e+00 1.400000000000000000e+01
1.046550896303358336e+01 7.764744019300878541e+00 1.400000000000000000e+01
1.018950894014539976e+01 7.938744044096410768e+00 1.400000000000000000e+01
9.537508512899306012e+00 7.396743988783300416e+00 1.400000000000000000e+01
1.018750813142957945e+01 8.118744110853612028e+00 1.400000000000000000e+01
1.041350891725721617e+01 7.694743847639501588e+00 1.400000000000000000e+01
1.083950855867567320e+01 7.770744061262548463e+00 1.400000000000000000e+01
1.034750893251600523e+01 7.234744047911108034e+00 1.400000000000000000e+01
1.068750813142957945e+01 7.584743952543676393e+00 1.400000000000000000e+01
1.060950806276502867e+01 7.870743965895116823e+00 1.400000000000000000e+01
1.040550854341688414e+01 7.970743870527685182e+00 1.400000000000000000e+01
1.079350807802381773e+01 7.996743893415868776e+00 1.400000000000000000e+01
1.037550881044569273e+01 7.838743901045263307e+00 1.400000000000000000e+01
1.188734280782622221e+01 7.668162362581004921e+00 1.500000000000000000e+01
1.227134263235014799e+01 8.768162744050730595e+00 1.500000000000000000e+01
1.235734307485503081e+01 8.256162660127390751e+00 1.500000000000000000e+01
1.210134255605620268e+01 8.426162736421336064e+00 1.500000000000000000e+01
1.199134289937895659e+01 9.006162660127390751e+00 1.500000000000000000e+01
1.239334237295073393e+01 8.804162518983591923e+00 1.500000000000000000e+01
1.229334294515532378e+01 8.876162545686472782e+00 1.500000000000000000e+01
1.195134293752592924e+01 8.858162419801463017e+00 1.500000000000000000e+01
1.183534276204985503e+01 8.492162721162547001e+00 1.500000000000000000e+01
1.184334313589018706e+01 7.754162328248729530e+00 1.500000000000000000e+01
1.197134244161528471e+01 8.864162461763132939e+00 1.500000000000000000e+01
1.235934292989653471e+01 8.612162606721629032e+00 1.500000000000000000e+01
1.226534306722563628e+01 8.448162572389353642e+00 1.500000000000000000e+01
1.232934319692534331e+01 8.684162633424509892e+00 1.500000000000000000e+01
1.273734318929594878e+01 8.756162660127390751e+00 1.500000000000000000e+01
1.229934251027983549e+01 8.568162457948435673e+00 1.500000000000000000e+01
1.197934281545561674e+01 8.558162705903757939e+00 1.500000000000000000e+01
1.243334233480376128e+01 8.838162438874949345e+00 1.500000000000000000e+01
1.199734246450346831e+01 8.428162591462839970e+00 1.500000000000000000e+01
1.132534253316801909e+01 8.100162522798289189e+00 1.500000000000000000e+01
1.221134316640776518e+01 9.052162663942088017e+00 1.500000000000000000e+01
1.214734303670805815e+01 8.276162641053904423e+00 1.500000000000000000e+01
1.146134316640776518e+01 8.428162591462839970e+00 1.500000000000000000e+01
1.166334283071440581e+01 8.914162652497996220e+00 1.500000000000000000e+01
1.165734231191557768e+01 8.524162309175242314e+00 1.500000000000000000e+01
1.211334263997954253e+01 8.378162400727976689e+00 1.500000000000000000e+01
1.182934319692534331e+01 8.018162744050730595e+00 1.500000000000000000e+01
1.219734322744292143e+01 8.572162644868601689e+00 1.500000000000000000e+01
1.199734246450346831e+01 8.736162679200877079e+00 1.500000000000000000e+01
1.125934254842680815e+01 8.366162316804636845e+00 1.500000000000000000e+01
1.166134297567290190e+01 8.848162667756785282e+00 1.500000000000000000e+01
1.252134263235014799e+01 8.320162312989939579e+00 1.500000000000000000e+01
1.231134259420317534e+01 8.100162522798289189e+00 1.500000000000000000e+01
1.201134240346831206e+01 8.690162675386179814e+00 1.500000000000000000e+01
1.236334263997954253e+01 8.392162339692820439e+00 1.500000000000000000e+01
1.219134270864409331e+01 8.312162415986765751e+00 1.500000000000000000e+01
1.231334244924467924e+01 8.098162667756785282e+00 1.500000000000000000e+01
1.162934243398589018e+01 8.726162450319041142e+00 1.500000000000000000e+01
1.240334260183256987e+01 8.164162652497996220e+00 1.500000000000000000e+01
1.201334321218413237e+01 9.122162358766306767e+00 1.500000000000000000e+01
